I
1100 Generated by WorldEditor 1.6.0r1

1    236 1 0 KCIC CHICO MUNI
1302 city Chico
1302 country United States
1302 datum_lat 39.795388889
1302 datum_lon -121.858416667
1302 faa_code CIC
1302 iata_code CIC
1302 icao_code KCIC
1302 region_code K2
1302 state California
1302 transition_alt 18000
1302 transition_level 18000
100 45.72 1 0 0.25 0 3 0 13L  39.80338300 -121.86411900    0   61 3 8 0 0 31R  39.78784012 -121.85126492    0   62 2 0 0 1
100 18.29 1 0 0.25 0 0 0 13R  39.79839042 -121.86295179    0    0 1 0 0 0 31L  39.79144400 -121.85720001    0    0 1 0 0 0
110 2 0.25 0.0000 New Taxiway 11
111  39.80240142 -121.85719716
111  39.80224178 -121.85751603
111  39.80186379 -121.85722780
111  39.80184322 -121.85725458
111  39.80172641 -121.85715609
111  39.80164808 -121.85730560
111  39.80151608 -121.85719439
111  39.80129697 -121.85744170
111  39.80063780 -121.85857669
111  39.80044194 -121.85873762
111  39.80047380 -121.85886723
111  39.80022601 -121.85865883 102
111  39.79899733 -121.85764131
111  39.79906040 -121.85759277
111  39.79923076 -121.85674957
111  39.79945383 -121.85626813
111  39.79702753 -121.85426687
111  39.79642358 -121.85550543 102
111  39.79404340 -121.85353910
111  39.79407984 -121.85347415
111  39.79379345 -121.85323548
111  39.79468990 -121.85143590
111  39.79469464 -121.85143886
111  39.79465666 -121.85152147
111  39.79494382 -121.85176026
111  39.79497242 -121.85170523
112  39.79494257 -121.85168095  39.79494506 -121.85167610
111  39.79498983 -121.85163887
111  39.79521676 -121.85115570
111  39.79579340 -121.85167545
111  39.79552657 -121.85223716
111  39.79605993 -121.85267107
111  39.79631661 -121.85211945
111  39.79674342 -121.85248266
111  39.79643749 -121.85298766
111  39.79730454 -121.85371215
111  39.79972106 -121.85570014
111  39.79973957 -121.85566268
111  39.80003182 -121.85592652
111  39.80010146 -121.85577113
111  39.80036799 -121.85599614
112  39.80030408 -121.85612766  39.80029717 -121.85614340
111  39.80030360 -121.85615518
111  39.80086944 -121.85660517
111  39.80087193 -121.85652100
111  39.80110946 -121.85597388
111  39.80164493 -121.85640426
111  39.80134336 -121.85700992
111  39.80151388 -121.85715153
111  39.80179121 -121.85656918
111  39.80241656 -121.85715183
111  39.80238704 -121.85716543
111  39.80241616 -121.85719079
113  39.80241335 -121.85720726
110 1 0.30 0.0000 New Taxiway 2
111  39.79241593 -121.85273226
111  39.79239378 -121.85274873
111  39.79237005 -121.85276094
111  39.79234523 -121.85276862
111  39.79231982 -121.85277163
111  39.79229435 -121.85276990
111  39.79226932 -121.85276347
111  39.79224525 -121.85275247
112  39.79222262 -121.85273713  39.79221537 -121.85273132
111  39.79220191 -121.85271775
111  39.79218352 -121.85269473
112  39.79216784 -121.85266854  39.79216310 -121.85265933
112  39.79215518 -121.85263971  39.79215150 -121.85262972
111  39.79214581 -121.85260883
111  39.79213990 -121.85257653
112  39.79213759 -121.85254346  39.79213743 -121.85253238
111  39.79213892 -121.85251031
112  39.79214386 -121.85247773  39.79214610 -121.85246704
111  39.79215231 -121.85244640
111  39.79216410 -121.85241696
111  39.79217899 -121.85239000
111  39.79219668 -121.85236607
111  39.79221680 -121.85234567
111  39.79223895 -121.85232919
111  39.79226268 -121.85231699
111  39.79228750 -121.85230931
111  39.79231291 -121.85230630
111  39.79233838 -121.85230802
111  39.79236341 -121.85231445
111  39.79238748 -121.85232545
111  39.79241011 -121.85234080
111  39.79243082 -121.85236018
111  39.79244921 -121.85238320
111  39.79246489 -121.85240939
111  39.79247755 -121.85243822
111  39.79248692 -121.85246909
111  39.79249283 -121.85250140
111  39.79249514 -121.85253446
111  39.79249381 -121.85256762
111  39.79248887 -121.85260019
111  39.79248042 -121.85263152
111  39.79246863 -121.85266096
111  39.79245374 -121.85268792
113  39.79243605 -121.85271185
110 1 0.30 0.0000 New Taxiway 1
111  39.80058856 -121.86149074
111  39.80041228 -121.86145724
111  39.80032789 -121.86127514 3 102
112  39.80049230 -121.86121645  39.80054263 -121.86111710 3 102
111  39.80080288 -121.86058690 3 102
112  39.80076509 -121.86037380  39.80069208 -121.86031405 102
111  39.80007854 -121.85980655 3 102
112  39.79992201 -121.85984975  39.79988440 -121.85992534 3 102
111  39.79960442 -121.86048650 3 102
112  39.79961346 -121.86068432  39.79966275 -121.86081441
111  39.79942926 -121.86070075
111  39.79933947 -121.86045772 3 102
112  39.79947820 -121.86042200  39.79951581 -121.86035001 3 102
111  39.79980898 -121.85975437 3 102
112  39.79976474 -121.85954488  39.79969173 -121.85948512 102
111  39.79751092 -121.85767753 3 102
112  39.79730333 -121.85765898  39.79718959 -121.85770998 3 102
111  39.79716856 -121.85778213 3 102
111  39.79691539 -121.85829008 3 102
112  39.79693647 -121.85847045  39.79698401 -121.85861114
111  39.79663000 -121.85858286
111  39.79660758 -121.85819844 3 102
112  39.79675705 -121.85812978  39.79679447 -121.85805241 3 102
111  39.79698075 -121.85767663 3 102
112  39.79702642 -121.85745624  39.79701606 -121.85734532 3 102
111  39.79693243 -121.85720019 102
111  39.79335058 -121.85423871 3 102
112  39.79301453 -121.85435734  39.79290064 -121.85458020 3 102
111  39.79277206 -121.85485101 3 102
112  39.79277276 -121.85502706  39.79279732 -121.85513382
111  39.79255225 -121.85512050
111  39.79250197 -121.85480308 3 102
112  39.79265610 -121.85476404  39.79269095 -121.85469493 3 102
111  39.79291485 -121.85424375 3 102
112  39.79293778 -121.85409811  39.79293778 -121.85404006 3 102
111  39.79292902 -121.85399238 3 102
112  39.79284300 -121.85381823  39.79279521 -121.85377262 102
111  39.79263066 -121.85363978 3 102
111  39.79256915 -121.85360893 3 102
112  39.79245789 -121.85358803  39.79238564 -121.85358953 3 102
111  39.79135975 -121.85366927 3 102
112  39.79130421 -121.85381258  39.79133632 -121.85394507
111  39.79087368 -121.85379256
111  39.79084357 -121.85343160 3 102
112  39.79096968 -121.85344059  39.79101485 -121.85343640 3 102
111  39.79208415 -121.85335493 3 102
112  39.79215476 -121.85332818  39.79216341 -121.85331485 3 102
111  39.79216789 -121.85329694 3 102
112  39.79215060 -121.85324320  39.79212788 -121.85322654 102
111  39.79020928 -121.85164003 102
111  39.78974552 -121.85125572 102
111  39.78917276 -121.85080436 102
111  39.78873278 -121.85048969 102
112  39.78848532 -121.85048599  39.78836489 -121.85056212 102
111  39.78835686 -121.85060988 102
112  39.78822955 -121.85092481  39.78821579 -121.85102332 102
111  39.78822611 -121.85106810 102
112  39.78830570 -121.85133297  39.78839345 -121.85151227
111  39.78792314 -121.85142286
111  39.78793863 -121.85102918 3 102
112  39.78797019 -121.85098187  39.78798108 -121.85095229 3 102
111  39.78798908 -121.85092064 3 102
112  39.78797771 -121.85072174  39.78793921 -121.85061722 3 102
111  39.78779281 -121.85025845 3 102
111  39.78808183 -121.84967455 3 102
111  39.78885947 -121.85031385 102
111  39.79055090 -121.85171262 102
112  39.79078659 -121.85160546  39.79086027 -121.85146120
111  39.79255653 -121.84805213
111  39.79255321 -121.84804177
111  39.79259237 -121.84794934
111  39.79395322 -121.84907659
111  39.79478402 -121.84976398
111  39.79451578 -121.85030531
112  39.79454047 -121.85038305  39.79456596 -121.85040482
111  39.79502356 -121.85076931
111  39.79398216 -121.85286106
111  39.79395790 -121.85285034
111  39.79445606 -121.85181165
112  39.79447326 -121.85166362  39.79443790 -121.85163377
111  39.79426586 -121.85147330
111  39.79424794 -121.85146275
111  39.79418820 -121.85145239
111  39.79231382 -121.85131630
111  39.79119910 -121.85123659
112  39.79105745 -121.85131943  39.79102783 -121.85137914
111  39.79086171 -121.85171886 102
112  39.79092288 -121.85202112  39.79102037 -121.85209949 102
111  39.79230630 -121.85316224
112  39.79234262 -121.85313612  39.79234070 -121.85309010
111  39.79232637 -121.85277042
111  39.79229865 -121.85230147
111  39.79254142 -121.85181387
111  39.79389526 -121.85292908
111  39.79395317 -121.85285366
111  39.79397621 -121.85286516
111  39.79386108 -121.85310715
111  39.79379346 -121.85323547
111  39.79407986 -121.85347415
111  39.79404341 -121.85353912 53 102
112  39.79397608 -121.85349557  39.79394953 -121.85348261 3 102
111  39.79390705 -121.85347224 3 102
111  39.79351467 -121.85350525 3 102
111  39.79350074 -121.85351043 3 102
111  39.79341511 -121.85357867 3 102
112  39.79334542 -121.85373157  39.79333148 -121.85384733 3 102
111  39.79333879 -121.85387756 3 102
112  39.79342247 -121.85408639  39.79348326 -121.85413415 102
111  39.79699944 -121.85704892 102
112  39.79735095 -121.85692545  39.79748170 -121.85665377 102
111  39.79751611 -121.85658600 102
112  39.79746106 -121.85636925  39.79736472 -121.85628684 102
111  39.79642358 -121.85550543
111  39.79702754 -121.85426688
111  39.79945384 -121.85626812
111  39.79923076 -121.85674956
111  39.79906041 -121.85759280
111  39.79899733 -121.85764132 102
111  39.79782957 -121.85667483 102
112  39.79767855 -121.85674698  39.79762790 -121.85684899 102
111  39.79749887 -121.85710490 102
112  39.79758405 -121.85753068  39.79774096 -121.85766337 102
111  39.79986442 -121.85941361 102
112  39.79999631 -121.85936882  39.80002212 -121.85931782 102
111  39.80025418 -121.85884857 102
112  39.80026085 -121.85876033  39.80025256 -121.85871857 102
111  39.80022601 -121.85865882
111  39.80047379 -121.85886722
111  39.80044193 -121.85873763
111  39.80063779 -121.85857668
111  39.80129695 -121.85744169
111  39.80151608 -121.85719438
111  39.80164808 -121.85730554
111  39.80172640 -121.85715608
111  39.80184321 -121.85725457
111  39.80186379 -121.85722779
111  39.80224177 -121.85751602
111  39.80240143 -121.85719714
111  39.80241932 -121.85721147
111  39.80225416 -121.85755364
111  39.80229407 -121.85758768
111  39.80231610 -121.85755364
111  39.80234913 -121.85757872
111  39.80236427 -121.85756797
111  39.80241519 -121.85759484
111  39.80241519 -121.85768441
111  39.80248263 -121.85775249
111  39.80245235 -121.85783131
111  39.80234362 -121.85775070
111  39.80228995 -121.85783311
111  39.80245704 -121.85797494
111  39.80250100 -121.85795005
111  39.80308020 -121.85843151
111  39.80305904 -121.85843968
111  39.80302002 -121.85843968
111  39.80347887 -121.85882040
112  39.80352745 -121.85882143  39.80356250 -121.85884943
111  39.80358480 -121.85886809
111  39.80358814 -121.85886174
111  39.80367442 -121.85891963
112  39.80366911 -121.85897406  39.80365584 -121.85900084
111  39.80273001 -121.86085348 102
112  39.80261605 -121.86063988  39.80253719 -121.86057146 102
111  39.80147356 -121.85969512 102
112  39.80133708 -121.85975782  39.80129808 -121.85983694 102
111  39.80108198 -121.86026991 102
112  39.80107959 -121.86036010  39.80108915 -121.86041505 102
111  39.80111862 -121.86046170 102
111  39.80283835 -121.86188179 102
112  39.80288905 -121.86185421  39.80290976 -121.86182415 102
111  39.80290976 -121.86176609 106
111  39.80302923 -121.86231556 106
111  39.80301967 -121.86232282 102
112  39.80295595 -121.86219011  39.80292409 -121.86216316 102
111  39.80105447 -121.86061239 3 102
112  39.80089953 -121.86065236  39.80085439 -121.86073789 3 102
111  39.80056621 -121.86131708 3 102
114  39.80056252 -121.86140707  39.80056805 -121.86144607 3 102
111  39.79243580 -121.85326884 3 102
111  39.79245300 -121.85328750 3 102
111  39.79251990 -121.85330865 3 102
111  39.79364918 -121.85322694
112  39.79253705 -121.85229809  39.79252184 -121.85228730
111  39.79243293 -121.85237166
113  39.79241210 -121.85273528
111  39.79142991 -121.85111178
112  39.79149283 -121.85103922  39.79152708 -121.85097081
111  39.79280911 -121.84836640
112  39.79280911 -121.84826275  39.79278389 -121.84823338
111  39.79268566 -121.84814008
112  39.79258774 -121.84817014  39.79256650 -121.84821593
111  39.79120707 -121.85098632
114  39.79124092 -121.85109083  39.79127278 -121.85110811
111  39.79187537 -121.85108116
111  39.79309734 -121.84860178
112  39.79309004 -121.84849294  39.79305685 -121.84845752
111  39.79296260 -121.84838409
112  39.79288959 -121.84841001  39.79286437 -121.84845925
111  39.79162496 -121.85095316
112  39.79160744 -121.85106822  39.79162576 -121.85111383
111  39.79164487 -121.85112523
111  39.79182647 -121.85113456
114  39.79185753 -121.85111901  39.79186709 -121.85110553
111  39.79201684 -121.85098829
112  39.79200157 -121.85111095  39.79202679 -121.85115241
111  39.79205334 -121.85115500
111  39.79242630 -121.85117893
111  39.79242311 -121.85105040
111  39.79228373 -121.85093637
111  39.79223594 -121.85102345
113  39.79206948 -121.85088143
111  39.79214291 -121.85073329
111  39.79231813 -121.85087754
111  39.79290935 -121.84972003
111  39.79308663 -121.84984985
111  39.79356322 -121.84890160
112  39.79354737 -121.84885848  39.79352613 -121.84883861
111  39.79327060 -121.84863160
114  39.79316967 -121.84865399  39.79313870 -121.84872265
111  39.79305727 -121.85371781 3 102
112  39.79320354 -121.85360521  39.79318465 -121.85352606 3 102
111  39.79312736 -121.85353356 3 102
111  39.79289884 -121.85355007 3 102
111  39.79287632 -121.85357784 3 102
112  39.79287088 -121.85361408  39.79287728 -121.85363116 3 102
111  39.79288464 -121.85364699 3 102
111  39.79294802 -121.85369739 3 102
111  39.79299942 -121.85371472 3 102
113  39.79303246 -121.85371822 3 102
112  39.80011641 -121.85958297  39.80014270 -121.85965554 102
111  39.80020403 -121.85969597 102
112  39.80082303 -121.86021033  39.80092737 -121.86029223 102
111  39.80100064 -121.86018545 102
112  39.80122854 -121.85971400  39.80129783 -121.85956368 102
111  39.80121978 -121.85947970 102
112  39.80052683 -121.85890876  39.80044559 -121.85884531 102
111  39.80036148 -121.85895147 102
113  39.80012419 -121.85943361 102
111  39.79368525 -121.84892740
111  39.79368795 -121.84892303
111  39.79365278 -121.84889256
113  39.79365016 -121.84889894
110 1 0.30 0.0000 New Taxiway 1
111  39.80058856 -121.86149074
111  39.80041228 -121.86145724
111  39.80032789 -121.86127514 3 102
112  39.80049230 -121.86121645  39.80054263 -121.86111710 3 102
111  39.80080288 -121.86058690 3 102
112  39.80076509 -121.86037380  39.80069208 -121.86031405 102
111  39.80007854 -121.85980655 3 102
112  39.79992201 -121.85984975  39.79988440 -121.85992534 3 102
111  39.79960442 -121.86048650 3 102
112  39.79961346 -121.86068432  39.79966275 -121.86081441
111  39.79942926 -121.86070075
111  39.79933947 -121.86045772 3 102
112  39.79947820 -121.86042200  39.79951581 -121.86035001 3 102
111  39.79980898 -121.85975437 3 102
112  39.79976474 -121.85954488  39.79969173 -121.85948512 102
111  39.79751092 -121.85767753 3 102
112  39.79730333 -121.85765898  39.79718959 -121.85770998 3 102
111  39.79716856 -121.85778213 3 102
111  39.79691539 -121.85829008 3 102
112  39.79693647 -121.85847045  39.79698401 -121.85861114
111  39.79663000 -121.85858286
111  39.79660758 -121.85819844 3 102
112  39.79675705 -121.85812978  39.79679447 -121.85805241 3 102
111  39.79698075 -121.85767663 3 102
112  39.79702642 -121.85745624  39.79701606 -121.85734532 3 102
111  39.79693243 -121.85720019 102
111  39.79335058 -121.85423871 3 102
112  39.79301453 -121.85435734  39.79290064 -121.85458020 3 102
111  39.79277206 -121.85485101 3 102
112  39.79277276 -121.85502706  39.79279732 -121.85513382
111  39.79255225 -121.85512050
111  39.79250197 -121.85480308 3 102
112  39.79265610 -121.85476404  39.79269095 -121.85469493 3 102
111  39.79291485 -121.85424375 3 102
112  39.79293778 -121.85409811  39.79293778 -121.85404006 3 102
111  39.79292902 -121.85399238 3 102
112  39.79284300 -121.85381823  39.79279521 -121.85377262 102
111  39.79263066 -121.85363978 3 102
111  39.79256915 -121.85360893 3 102
112  39.79245789 -121.85358803  39.79238564 -121.85358953 3 102
111  39.79135975 -121.85366927 3 102
112  39.79130421 -121.85381258  39.79133632 -121.85394507
111  39.79087368 -121.85379256
111  39.79084357 -121.85343160 3 102
112  39.79096968 -121.85344059  39.79101485 -121.85343640 3 102
111  39.79208415 -121.85335493 3 102
112  39.79215476 -121.85332818  39.79216341 -121.85331485 3 102
111  39.79216789 -121.85329694 3 102
112  39.79215060 -121.85324320  39.79212788 -121.85322654 102
111  39.79020928 -121.85164003 102
111  39.78974552 -121.85125572 102
111  39.78917276 -121.85080436 102
111  39.78873278 -121.85048969 102
112  39.78848532 -121.85048599  39.78836489 -121.85056212 102
111  39.78835686 -121.85060988 102
112  39.78822955 -121.85092481  39.78821579 -121.85102332 102
111  39.78822611 -121.85106810 102
112  39.78830570 -121.85133297  39.78839345 -121.85151227
111  39.78792314 -121.85142286
111  39.78793863 -121.85102918 3 102
112  39.78797019 -121.85098187  39.78798108 -121.85095229 3 102
111  39.78798908 -121.85092064 3 102
112  39.78797771 -121.85072174  39.78793921 -121.85061722 3 102
111  39.78779281 -121.85025845 3 102
111  39.78808183 -121.84967455 3 102
111  39.78885947 -121.85031385 102
111  39.79055090 -121.85171262 102
112  39.79078659 -121.85160546  39.79086027 -121.85146120
111  39.79255653 -121.84805213
111  39.79255321 -121.84804177
111  39.79259237 -121.84794934
111  39.79395322 -121.84907659
111  39.79478402 -121.84976398
111  39.79451578 -121.85030531
112  39.79454047 -121.85038305  39.79456596 -121.85040482
111  39.79502356 -121.85076931
111  39.79398216 -121.85286106
111  39.79395790 -121.85285034
111  39.79445606 -121.85181165
112  39.79447326 -121.85166362  39.79443790 -121.85163377
111  39.79426586 -121.85147330
111  39.79424794 -121.85146275
111  39.79418820 -121.85145239
111  39.79231382 -121.85131630
111  39.79119910 -121.85123659
112  39.79105745 -121.85131943  39.79102783 -121.85137914
111  39.79086171 -121.85171886 102
112  39.79092288 -121.85202112  39.79102037 -121.85209949 102
111  39.79230630 -121.85316224
112  39.79234262 -121.85313612  39.79234070 -121.85309010
111  39.79232637 -121.85277042
111  39.79229865 -121.85230147
111  39.79254142 -121.85181387
111  39.79389526 -121.85292908
111  39.79395317 -121.85285366
111  39.79397621 -121.85286516
111  39.79386108 -121.85310715
111  39.79379346 -121.85323547
111  39.79407986 -121.85347415
111  39.79404341 -121.85353912 53 102
112  39.79397608 -121.85349557  39.79394953 -121.85348261 3 102
111  39.79390705 -121.85347224 3 102
111  39.79351467 -121.85350525 3 102
111  39.79350074 -121.85351043 3 102
111  39.79341511 -121.85357867 3 102
112  39.79334542 -121.85373157  39.79333148 -121.85384733 3 102
111  39.79333879 -121.85387756 3 102
112  39.79342247 -121.85408639  39.79348326 -121.85413415 102
111  39.79699944 -121.85704892 102
112  39.79735095 -121.85692545  39.79748170 -121.85665377 102
111  39.79751611 -121.85658600 102
112  39.79746106 -121.85636925  39.79736472 -121.85628684 102
111  39.79642358 -121.85550543
111  39.79702754 -121.85426688
111  39.79945384 -121.85626812
111  39.79923076 -121.85674956
111  39.79906041 -121.85759280
111  39.79899733 -121.85764132 102
111  39.79782957 -121.85667483 102
112  39.79767855 -121.85674698  39.79762790 -121.85684899 102
111  39.79749887 -121.85710490 102
112  39.79758405 -121.85753068  39.79774096 -121.85766337 102
111  39.79986442 -121.85941361 102
112  39.79999631 -121.85936882  39.80002212 -121.85931782 102
111  39.80025418 -121.85884857 102
112  39.80026085 -121.85876033  39.80025256 -121.85871857 102
111  39.80022601 -121.85865882
111  39.80047379 -121.85886722
111  39.80044193 -121.85873763
111  39.80063779 -121.85857668
111  39.80129695 -121.85744169
111  39.80151608 -121.85719438
111  39.80164808 -121.85730554
111  39.80172640 -121.85715608
111  39.80184321 -121.85725457
111  39.80186379 -121.85722779
111  39.80224177 -121.85751602
111  39.80240143 -121.85719714
111  39.80241932 -121.85721147
111  39.80225416 -121.85755364
111  39.80229407 -121.85758768
111  39.80231610 -121.85755364
111  39.80234913 -121.85757872
111  39.80236427 -121.85756797
111  39.80241519 -121.85759484
111  39.80241519 -121.85768441
111  39.80248263 -121.85775249
111  39.80245235 -121.85783131
111  39.80234362 -121.85775070
111  39.80228995 -121.85783311
111  39.80245704 -121.85797494
111  39.80250100 -121.85795005
111  39.80308020 -121.85843151
111  39.80305904 -121.85843968
111  39.80302002 -121.85843968
111  39.80347887 -121.85882040
112  39.80352745 -121.85882143  39.80356250 -121.85884943
111  39.80358480 -121.85886809
111  39.80358814 -121.85886174
111  39.80367442 -121.85891963
112  39.80366911 -121.85897406  39.80365584 -121.85900084
111  39.80273001 -121.86085348 102
112  39.80261605 -121.86063988  39.80253719 -121.86057146 102
111  39.80147356 -121.85969512 102
112  39.80133708 -121.85975782  39.80129808 -121.85983694 102
111  39.80108198 -121.86026991 102
112  39.80107959 -121.86036010  39.80108915 -121.86041505 102
111  39.80111862 -121.86046170 102
111  39.80283835 -121.86188179 102
112  39.80288905 -121.86185421  39.80290976 -121.86182415 102
111  39.80290976 -121.86176609 102
111  39.80302923 -121.86231556 106
111  39.80301967 -121.86232282 102
112  39.80295595 -121.86219011  39.80292409 -121.86216316 102
111  39.80105447 -121.86061239 3 102
112  39.80089953 -121.86065236  39.80085439 -121.86073789 3 102
111  39.80056621 -121.86131708 3 102
114  39.80056252 -121.86140707  39.80056805 -121.86144607 3 102
111  39.79243580 -121.85326884 3 102
111  39.79245300 -121.85328750 3 102
111  39.79251990 -121.85330865 3 102
111  39.79364918 -121.85322694
112  39.79253705 -121.85229809  39.79252184 -121.85228730
111  39.79243293 -121.85237166
113  39.79241210 -121.85273528
111  39.79142991 -121.85111178
112  39.79149283 -121.85103922  39.79152708 -121.85097081
111  39.79280911 -121.84836640
112  39.79280911 -121.84826275  39.79278389 -121.84823338
111  39.79268566 -121.84814008
112  39.79258774 -121.84817014  39.79256650 -121.84821593
111  39.79120707 -121.85098632
114  39.79124092 -121.85109083  39.79127278 -121.85110811
111  39.79187537 -121.85108116
111  39.79309734 -121.84860178
112  39.79309004 -121.84849294  39.79305685 -121.84845752
111  39.79296260 -121.84838409
112  39.79288959 -121.84841001  39.79286437 -121.84845925
111  39.79162496 -121.85095316
112  39.79160744 -121.85106822  39.79162576 -121.85111383
111  39.79164487 -121.85112523
111  39.79182647 -121.85113456
114  39.79185753 -121.85111901  39.79186709 -121.85110553
111  39.79201684 -121.85098829
112  39.79200157 -121.85111095  39.79202679 -121.85115241
111  39.79205334 -121.85115500
111  39.79242630 -121.85117893
111  39.79242311 -121.85105040
111  39.79228373 -121.85093637
111  39.79223594 -121.85102345
113  39.79206948 -121.85088143
111  39.79214291 -121.85073329
111  39.79231813 -121.85087754
111  39.79290935 -121.84972003
111  39.79308663 -121.84984985
111  39.79356322 -121.84890160
112  39.79354737 -121.84885848  39.79352613 -121.84883861
111  39.79327060 -121.84863160
114  39.79316967 -121.84865399  39.79313870 -121.84872265
111  39.79305727 -121.85371781 3 102
112  39.79320354 -121.85360521  39.79318465 -121.85352606 3 102
111  39.79312736 -121.85353356 3 102
111  39.79289884 -121.85355007 3 102
111  39.79287632 -121.85357784 3 102
112  39.79287088 -121.85361408  39.79287728 -121.85363116 3 102
111  39.79288464 -121.85364699 3 102
111  39.79294802 -121.85369739 3 102
111  39.79299942 -121.85371472 3 102
113  39.79303246 -121.85371822 3 102
112  39.80011641 -121.85958297  39.80014270 -121.85965554 102
111  39.80020403 -121.85969597 102
112  39.80082303 -121.86021033  39.80092737 -121.86029223 102
111  39.80100064 -121.86018545 102
112  39.80122854 -121.85971400  39.80129783 -121.85956368 102
111  39.80121978 -121.85947970 102
112  39.80052683 -121.85890876  39.80044559 -121.85884531 102
111  39.80036148 -121.85895147 102
113  39.80012419 -121.85943361 102
110 1 0.25 0.0000 New Taxiway 9
111  39.78852161 -121.85212068
112  39.78811571 -121.85207103  39.78794021 -121.85208501
111  39.78781844 -121.85186828
112  39.78769328 -121.85154337  39.78771193 -121.85151424
113  39.78776665 -121.85140580
110 1 0.30 0.0000 +5
111  39.79825548 -121.86271310 3
112  39.79842655 -121.86263179  39.79848275 -121.86251256 3
111  39.79916012 -121.86114361 3
112  39.79913004 -121.86091894  39.79905000 -121.86081355
111  39.79929025 -121.86093299
111  39.79929638 -121.86105653 3
111  39.79841717 -121.86284700
113  39.79832627 -121.86283530
110 1 0.00 0.0000 New Taxiway 18
111  39.79801789 -121.86371386
112  39.79807614 -121.86361032  39.79806389 -121.86366653
111  39.79810056 -121.86377119
112  39.79874562 -121.86431626  39.79886146 -121.86441109
111  39.79900359 -121.86422766
111  39.80012247 -121.86195535
111  39.80018352 -121.86177806
111  39.80029719 -121.86187988
111  39.79987158 -121.86273072
111  39.79988485 -121.86279442
111  39.80015937 -121.86300600
112  39.80022240 -121.86300816  39.80025060 -121.86296066
111  39.80029539 -121.86298765
111  39.80035427 -121.86305782
111  39.80033686 -121.86312367
111  39.80031032 -121.86317872
111  39.79986041 -121.86283350
111  39.79981754 -121.86284203
112  39.79911543 -121.86426837  39.79898645 -121.86453263
111  39.79872861 -121.86447132
113  39.79796407 -121.86384085
110 1 0.00 0.0000 New Taxiway 41
111  39.79156521 -121.85719851
111  39.79152015 -121.85713609 3
111  39.79239751 -121.85535063
111  39.79241390 -121.85533012
112  39.79256496 -121.85548911  39.79244719 -121.85542974 3
111  39.79239287 -121.85554995 3
111  39.79167859 -121.85699928 3
112  39.79163780 -121.85712317  39.79162780 -121.85719188 3
113  39.79167161 -121.85726143
110 1 0.00 0.0000 New Taxiway 3
111  39.79824214 -121.86270205
112  39.79839852 -121.86264928  39.79843591 -121.86257185
111  39.79914249 -121.86113205
112  39.79915532 -121.86107354  39.79915409 -121.86103910
111  39.79913577 -121.86098274
111  39.79913232 -121.86092085
111  39.79926152 -121.86102770
113  39.79834984 -121.86279124
110 1 0.00 0.0000 New Taxiway 39
111  39.79236939 -121.85532736
111  39.79241422 -121.85529017
111  39.79256842 -121.85548311
111  39.79254250 -121.85551559
112  39.79247675 -121.85551371  39.79242923 -121.85552995
111  39.79241746 -121.85556534
111  39.79169360 -121.85701953
112  39.79166960 -121.85711948  39.79166576 -121.85720380
111  39.79172119 -121.85734790
111  39.79151917 -121.85718408
113  39.79149753 -121.85711737
110 1 0.00 0.0000 New Taxiway 50
111  39.79552193 -121.86044961
111  39.79555025 -121.86044612
112  39.79569554 -121.86038662  39.79574525 -121.86028421
111  39.79643620 -121.85887971
112  39.79644665 -121.85880647  39.79644355 -121.85877048
111  39.79642994 -121.85873255
111  39.79641861 -121.85867628
111  39.79659443 -121.85866611
111  39.79671041 -121.85890696
111  39.79670625 -121.85891458
111  39.79668070 -121.85891893
111  39.79662214 -121.85890395
112  39.79654920 -121.85894578  39.79653624 -121.85897514
111  39.79580695 -121.86044295
112  39.79578154 -121.86054593  39.79578877 -121.86057891
111  39.79580918 -121.86063891
111  39.79581617 -121.86064543
111  39.79583338 -121.86070793
113  39.79565497 -121.86063776
120 Linear Feature 29
111  39.80067634 -121.86084436 54 103
115  39.80076538 -121.86091797
120 Linear Feature 28
111  39.79967868 -121.86001870 54 103
115  39.79979046 -121.86011361
120 Linear Feature 23
111  39.79174347 -121.85338093 54 103
115  39.79199421 -121.85362072
120 Linear Feature 22
111  39.78782906 -121.85018520 54 103
115  39.78834235 -121.85063831
120 Linear Feature 53
111  39.79577600 -121.86027272 54
115  39.79584151 -121.86032521
120 Linear Feature 52
111  39.79633214 -121.85932795 54
115  39.79626535 -121.85927204
120 Linear Feature 44
111  39.79165562 -121.85686039 54
115  39.79172087 -121.85691350
120 Linear Feature 43
111  39.79221044 -121.85592014 54
115  39.79214456 -121.85586540
120 Linear Feature 34
111  39.79550271 -121.86107567 54
115  39.79539387 -121.86098540
120 Linear Feature 16
111  39.79821209 -121.86331495 54
115  39.79810217 -121.86322462
120 Linear Feature 4
111  39.79904263 -121.86157329 54
115  39.79897400 -121.86151999
120 Linear Feature 13
111  39.79848436 -121.86251289 54
115  39.79855345 -121.86256947
120 Linear Feature 37
111  39.79138418 -121.85766465 54
115  39.79127550 -121.85757302
120 Linear Feature 26
111  39.79694287 -121.85775311 54 103
115  39.79711228 -121.85789514
120 Linear Feature 40
111  39.79104611 -121.85120941 51
112  39.79111797 -121.85116211  39.79115320 -121.85116211 51
115  39.79123631 -121.85116825
120 Linear Feature 38
111  39.79078019 -121.85161721 55 104
115  39.79087405 -121.85169366
120 Linear Feature 24
111  39.79285383 -121.85436670 54 103
115  39.79296385 -121.85445767
120 Linear Feature 149
111  39.80251270 -121.85917061 51
112  39.80245623 -121.85884668  39.80232888 -121.85869854
111  39.80245623 -121.85884668
112  39.80245623 -121.85884668  39.80234535 -121.85874970 51
111  39.80209739 -121.85854844 51
116  39.80183531 -121.85861163  39.80170762 -121.85879089
120 Linear Feature 148
111  39.80258175 -121.85902942 51
111  39.80274396 -121.85870035 51
116  39.80269812 -121.85833935  39.80255707 -121.85814517
120 Linear Feature 105
111  39.80254329 -121.86047729 51 101
112  39.80249409 -121.86013914  39.80257137 -121.85992666
111  39.80249409 -121.86013914
112  39.80249409 -121.86013914  39.80258155 -121.85996411 51
111  39.80326057 -121.85857544
111  39.80329407 -121.85850501 51
115  39.80334240 -121.85840468
120 Linear Feature 123
111  39.79393503 -121.85295829 55
111  39.80294516 -121.86042297 55
111  39.80233763 -121.85992137 55
111  39.80097310 -121.85878681 55
111  39.80000944 -121.85798427 55
111  39.79798411 -121.85630973 55
111  39.79659949 -121.85516350 55
115  39.79531359 -121.85410161
120 Linear Feature 122
111  39.79400522 -121.85305386 51 101
116  39.79409124 -121.85347907  39.79426752 -121.85367617
120 Linear Feature 121
111  39.79399347 -121.85112644 20
115  39.79396817 -121.85110352
120 Linear Feature 120
111  39.79400024 -121.85111410 20
115  39.79397450 -121.85109058
120 Linear Feature 119
111  39.79400566 -121.85110117 20
115  39.79398172 -121.85107765
120 Linear Feature 118
111  39.79404721 -121.85099419 20
115  39.79402869 -121.85097950
120 Linear Feature 117
111  39.79407701 -121.85100418 20
115  39.79403411 -121.85096833
120 Linear Feature 116
111  39.79425134 -121.85063153 20
115  39.79421386 -121.85059861
120 Linear Feature 115
111  39.79450583 -121.85012674 20
115  39.79446481 -121.85009245
120 Linear Feature 114
111  39.79449868 -121.85013947 20
115  39.79445766 -121.85010567
120 Linear Feature 113
111  39.79438779 -121.84993724 20
115  39.79436122 -121.84991626
120 Linear Feature 112
111  39.79438213 -121.84995226 20
115  39.79434511 -121.84992108
120 Linear Feature 111
111  39.79434946 -121.84994376 20
115  39.79437320 -121.84996388
120 Linear Feature 110
111  39.79416934 -121.85007156 20
115  39.79412883 -121.85003698
120 Linear Feature 109
111  39.79416216 -121.85008517 20
115  39.79412186 -121.85005115
120 Linear Feature 108
111  39.79423167 -121.85014952 20
115  39.79426852 -121.85018149
120 Linear Feature 107
111  39.79422697 -121.85016040 20
115  39.79426356 -121.85019136
120 Linear Feature 106
111  39.79410764 -121.85039920 20
115  39.79414791 -121.85042957
120 Linear Feature 105
111  39.79383620 -121.85090345 20
115  39.79389297 -121.85094916
120 Linear Feature 104
111  39.79372019 -121.85086900 20
111  39.79372624 -121.85087865 20
115  39.79375467 -121.85090247
120 Linear Feature 103
111  39.79370987 -121.85088509 20
111  39.79371662 -121.85090097 20
115  39.79385370 -121.85101391
120 Linear Feature 102
111  39.79369985 -121.85090777 20
111  39.79370595 -121.85091939 20
115  39.79373470 -121.85094348
120 Linear Feature 101
111  39.79363492 -121.85103419 20
111  39.79364560 -121.85105007 20
115  39.79377873 -121.85116059
120 Linear Feature 100
111  39.79372727 -121.85115466 20
111  39.79363688 -121.85108125 20
111  39.79363035 -121.85107558 20
111  39.79362447 -121.85106339 20
115  39.79362142 -121.85105319
120 Linear Feature 99
111  39.79410631 -121.84950745 20
115  39.79403862 -121.84945167
120 Linear Feature 98
111  39.79403740 -121.84964570 20
115  39.79396965 -121.84958896
120 Linear Feature 97
111  39.79389430 -121.84973314 20
115  39.79396486 -121.84979396
120 Linear Feature 96
111  39.79393507 -121.84972947 20
115  39.79390872 -121.84970457
120 Linear Feature 95
111  39.79390904 -121.84978498 20
115  39.79388238 -121.84976131
120 Linear Feature 94
111  39.79389681 -121.84993397 20
115  39.79381902 -121.84986417
120 Linear Feature 93
111  39.79382520 -121.85007575 20
115  39.79375118 -121.85001452
120 Linear Feature 92
111  39.79376046 -121.85020885 20
115  39.79368858 -121.85014664
120 Linear Feature 91
111  39.79369724 -121.85033767 20
115  39.79362535 -121.85027399
120 Linear Feature 90
111  39.79368047 -121.85057308 20
115  39.79361122 -121.85051920
120 Linear Feature 89
111  39.79363343 -121.85046728 20
115  39.79356004 -121.85040507
120 Linear Feature 88
111  39.79356918 -121.85059749 20
115  39.79349602 -121.85053471
120 Linear Feature 87
111  39.79358273 -121.85067084 20
115  39.79362337 -121.85070611
120 Linear Feature 86
111  39.79354262 -121.85065744 20
115  39.79361633 -121.85071740
120 Linear Feature 85
111  39.79357135 -121.85069835 20
115  39.79360766 -121.85072939
120 Linear Feature 84
111  39.79374628 -121.84936287 20
115  39.79370400 -121.84933183
120 Linear Feature 83
111  39.79366123 -121.84963704 20
115  39.79373876 -121.84970023
120 Linear Feature 82
111  39.79359801 -121.84976930 20
115  39.79366575 -121.84982954
120 Linear Feature 81
111  39.79352247 -121.84991867 20
115  39.79359460 -121.84997418
120 Linear Feature 80
111  39.79343063 -121.85000188 20
115  39.79338797 -121.84996759
120 Linear Feature 79
111  39.79345912 -121.85004794 20
115  39.79353204 -121.85011121
120 Linear Feature 78
111  39.79339615 -121.85017765 20
115  39.79346899 -121.85023940
120 Linear Feature 77
111  39.79333100 -121.85030609 20
115  39.79336412 -121.85033353
120 Linear Feature 76
111  39.79322398 -121.85061890 20
115  39.79326877 -121.85065221
120 Linear Feature 75
111  39.79315923 -121.85074792 20
115  39.79319934 -121.85078319
120 Linear Feature 74
111  39.79309741 -121.85087973 20
115  39.79313697 -121.85091288
120 Linear Feature 73
111  39.79302262 -121.85092628 20
115  39.79294946 -121.85086845
120 Linear Feature 72
111  39.79296030 -121.85105113 20
115  39.79289038 -121.85099329
120 Linear Feature 71
111  39.79305497 -121.85076072 20
115  39.79301997 -121.85072839
120 Linear Feature 68
111  39.79301102 -121.85074340 20
115  39.79308292 -121.85080199
120 Linear Feature 68
111  39.79313490 -121.85049296 20
115  39.79320679 -121.85055155
120 Linear Feature 68
111  39.79319811 -121.85036397 20
115  39.79327001 -121.85042256
120 Linear Feature 68
111  39.79326058 -121.85023858 20
115  39.79333248 -121.85029717
120 Linear Feature 68
111  39.79332125 -121.85011392 20
115  39.79339315 -121.85017252
120 Linear Feature 68
111  39.79338368 -121.84998697 20
115  39.79345558 -121.85004556
120 Linear Feature 68
111  39.79344676 -121.84986254 20
115  39.79351866 -121.84992114
120 Linear Feature 68
111  39.79350855 -121.84973474 20
115  39.79358044 -121.84979333
120 Linear Feature 68
111  39.79356951 -121.84960973 20
115  39.79364141 -121.84966833
120 Linear Feature 68
111  39.79363038 -121.84948582 20
115  39.79370228 -121.84954442
120 Linear Feature 68
111  39.79369672 -121.84934972 20
115  39.79376861 -121.84940832
120 Linear Feature 68
111  39.79353470 -121.84913521 20
115  39.79360660 -121.84919380
120 Linear Feature 68
111  39.79347379 -121.84926113 20
115  39.79354569 -121.84931972
120 Linear Feature 68
111  39.79341327 -121.84938456 20
115  39.79348517 -121.84944315
120 Linear Feature 68
111  39.79335050 -121.84951269 20
115  39.79342240 -121.84957129
120 Linear Feature 68
111  39.79328772 -121.84963848 20
115  39.79335962 -121.84969707
120 Linear Feature 68
111  39.79322450 -121.84976485 20
115  39.79329639 -121.84982344
120 Linear Feature 68
111  39.79316262 -121.84989005 20
115  39.79323452 -121.84994864
120 Linear Feature 67
111  39.79298571 -121.84991049 20
115  39.79306954 -121.84997986
120 Linear Feature 66
111  39.79309424 -121.85002600 20
115  39.79297772 -121.84992892
120 Linear Feature 65
111  39.79305117 -121.85001524 20
115  39.79296806 -121.84994626
120 Linear Feature 64
111  39.79303815 -121.85014321 20
115  39.79311267 -121.85020835
120 Linear Feature 64
111  39.79291535 -121.85039482 20
115  39.79298987 -121.85045997
120 Linear Feature 63
111  39.79306562 -121.85018484 20
115  39.79310401 -121.85021815
120 Linear Feature 63
111  39.79294283 -121.85043646 20
115  39.79298122 -121.85046976
120 Linear Feature 62
111  39.79285345 -121.85052058 20
115  39.79292898 -121.85058400
120 Linear Feature 61
111  39.79284686 -121.85053487 20
115  39.79292114 -121.85059298
120 Linear Feature 60
111  39.79279152 -121.85064598 20
115  39.79286266 -121.85070574
120 Linear Feature 59
111  39.79282878 -121.85069350 20
115  39.79285739 -121.85071750
120 Linear Feature 58
111  39.79275105 -121.85082046 20
115  39.79279025 -121.85085189
120 Linear Feature 57
111  39.79272536 -121.85077751 20
115  39.79279903 -121.85084046
120 Linear Feature 56
111  39.79263649 -121.85082693 20
115  39.79256226 -121.85076299
120 Linear Feature 55
111  39.79255033 -121.85103308 20
115  39.79246634 -121.85096156
120 Linear Feature 54
111  39.79368409 -121.85114684 51
116  39.79376252 -121.85134786  39.79389070 -121.85142331
120 Linear Feature 53
111  39.79389768 -121.85135745 51
112  39.79398526 -121.85128544  39.79400821 -121.85123793 51
115  39.79404522 -121.85116611
120 Linear Feature 52
111  39.79440766 -121.84968049 51
116  39.79453893 -121.84962575  39.79462898 -121.84966754
120 Linear Feature 51
111  39.79354827 -121.85133263 51
112  39.79362513 -121.85126593  39.79365035 -121.85121597 51
111  39.79440765 -121.84968049 51
116  39.79438103 -121.84949429  39.79430210 -121.84939132
120 Linear Feature 50
111  39.79331498 -121.85111731 51
116  39.79338251 -121.85131980  39.79350583 -121.85136456
120 Linear Feature 49
111  39.79413014 -121.84946018 51
116  39.79426785 -121.84940016  39.79434747 -121.84945272
120 Linear Feature 48
111  39.79318292 -121.85130665 51
112  39.79325601 -121.85123715  39.79328265 -121.85118308 51
111  39.79413014 -121.84946018 51
112  39.79414920 -121.84936302  39.79414397 -121.84932016
111  39.79414920 -121.84936302
112  39.79414920 -121.84936302  39.79415056 -121.84931281 51
115  39.79411336 -121.84927179
120 Linear Feature 47
111  39.79386701 -121.84921624 51
116  39.79398883 -121.84916847  39.79405045 -121.84920674
120 Linear Feature 46
111  39.79293623 -121.85110352 51
116  39.79301973 -121.85129521  39.79313984 -121.85133879
120 Linear Feature 45
111  39.79280333 -121.85127968 51
112  39.79288161 -121.85121404  39.79290979 -121.85115761 51
111  39.79386701 -121.84921625 51
116  39.79384291 -121.84904766  39.79377956 -121.84898939
120 Linear Feature 44
111  39.79258710 -121.85105716 51
116  39.79266230 -121.85127047  39.79278977 -121.85132126
120 Linear Feature 43
111  39.79244413 -121.85125412 51
112  39.79252347 -121.85118676  39.79254228 -121.85114708 51
111  39.79359553 -121.84900974 51
112  39.79372252 -121.84894881  39.79378620 -121.84899878 51
111  39.79463928 -121.84970920 51
112  39.79466209 -121.84991261  39.79459215 -121.85005278 51
111  39.79404521 -121.85116611 51
112  39.79404925 -121.85129346  39.79406901 -121.85134448
111  39.79404925 -121.85129346
112  39.79404925 -121.85129346  39.79406600 -121.85135575 51
115  39.79411687 -121.85137303
120 Linear Feature 42
111  39.79181095 -121.85120911 51
112  39.79189777 -121.85113572  39.79192379 -121.85107393 51
111  39.79196209 -121.85100553 51
112  39.79194455 -121.85109570  39.79195058 -121.85115054
111  39.79194455 -121.85109570
112  39.79194455 -121.85109570  39.79195020 -121.85119562 51
115  39.79203406 -121.85122496
120 Linear Feature 21
111  39.79233224 -121.85289969 55
115  39.79242271 -121.85297536
120 Linear Feature 41
111  39.79142598 -121.85118173 51
112  39.79149350 -121.85113128  39.79150592 -121.85110581 51
111  39.79157366 -121.85097062 51
112  39.79155852 -121.85110129  39.79157809 -121.85116790 51
115  39.79163216 -121.85119641
120 Linear Feature 20
111  39.79591831 -121.85792708 51 101
111  39.79637643 -121.85830456 51 101
111  39.79643153 -121.85834336 51 101
116  39.79684570 -121.85818956  39.79704233 -121.85788936
120 Linear Feature 57
111  39.79570305 -121.86051781 51
112  39.79549695 -121.86053888  39.79535822 -121.86042541 51
115  39.79505716 -121.86017528
120 Linear Feature 42
111  39.79156245 -121.85717117 51
112  39.79157645 -121.85711616  39.79158861 -121.85708956 51
111  39.79168819 -121.85688688 59
111  39.79191577 -121.85642665 51
111  39.79195284 -121.85635205 59
111  39.79217860 -121.85589312 51
115  39.79243114 -121.85537893
120 Linear Feature 14
111  39.79823794 -121.86295250 1
111  39.79801930 -121.86339074 1
112  39.79791467 -121.86342219  39.79785634 -121.86337794 1
111  39.79546044 -121.86139736 1
112  39.79542972 -121.86122245  39.79549019 -121.86110001 1
111  39.79560370 -121.86087392 1
112  39.79567120 -121.86082719  39.79571092 -121.86082646
111  39.79549926 -121.86068480 1
112  39.79549150 -121.86078729  39.79546328 -121.86084427 1
111  39.79531353 -121.86114861 1
112  39.79518221 -121.86116810  39.79509121 -121.86108864 1
111  39.79131696 -121.85796308 1
112  39.79129632 -121.85783877  39.79133616 -121.85776381 1
111  39.79151998 -121.85738987
111  39.79140936 -121.85729826 1
111  39.79116818 -121.85779338 1
112  39.79120735 -121.85807976  39.79134005 -121.85818140 1
111  39.79791151 -121.86362131 1
112  39.79809232 -121.86355978  39.79815452 -121.86343132 1
113  39.79834625 -121.86304219
120 Linear Feature 36
111  39.79554545 -121.86083363 1
112  39.79573248 -121.86076538  39.79583116 -121.86085051 1
111  39.79584654 -121.86086119 1
115  39.79621018 -121.86116009
120 Linear Feature 12
111  39.79851618 -121.86254058 51
111  39.79840361 -121.86277075 51
116  39.79836918 -121.86280731  39.79835592 -121.86281481
120 Linear Feature 11
111  39.79874391 -121.86208014 51
115  39.79878095 -121.86200635
120 Linear Feature 10
111  39.79874392 -121.86208014 59
115  39.79851618 -121.86254057
120 Linear Feature 9
111  39.79878094 -121.86200634 59
115  39.79900760 -121.86154613
120 Linear Feature 11
111  39.79266473 -121.86182516 20
111  39.79271094 -121.86173240 20
111  39.79275833 -121.86177062 20
113  39.79271251 -121.86186695 20
120 Linear Feature 14
111  39.79255032 -121.86129947 20
111  39.79256038 -121.86127682 20
111  39.79254323 -121.86126391 20
113  39.79253316 -121.86128656 20
120 Linear Feature 14
111  39.79261517 -121.86135268 20
111  39.79262523 -121.86133003 20
111  39.79260807 -121.86131712 20
113  39.79259801 -121.86133977 20
120 Linear Feature 14
111  39.79268049 -121.86140772 20
111  39.79269055 -121.86138507 20
111  39.79267340 -121.86137216 20
113  39.79266333 -121.86139481 20
120 Linear Feature 14
111  39.79274628 -121.86146277 20
111  39.79275634 -121.86144011 20
111  39.79273918 -121.86142721 20
113  39.79272912 -121.86144986 20
120 Linear Feature 14
111  39.79277776 -121.86148540 20
111  39.79278783 -121.86146274 20
111  39.79277067 -121.86144983 20
113  39.79276061 -121.86147248 20
120 Linear Feature 14
111  39.79281771 -121.86151964 20
111  39.79282777 -121.86149699 20
111  39.79281061 -121.86148408 20
113  39.79280055 -121.86150673 20
120 Linear Feature 14
111  39.79287974 -121.86157407 20
111  39.79288980 -121.86155142 20
111  39.79287264 -121.86153851 20
113  39.79286258 -121.86156117 20
120 Linear Feature 14
111  39.79294412 -121.86162545 20
111  39.79295418 -121.86160280 20
111  39.79293702 -121.86158989 20
113  39.79292696 -121.86161254 20
120 Linear Feature 14
111  39.79298793 -121.86166060 20
111  39.79299799 -121.86163794 20
111  39.79298083 -121.86162503 20
113  39.79297077 -121.86164768 20
120 Linear Feature 14
111  39.79300870 -121.86167809 20
111  39.79301876 -121.86165544 20
111  39.79300160 -121.86164253 20
113  39.79299154 -121.86166518 20
120 Linear Feature 13
111  39.79307206 -121.86173083 20
111  39.79308294 -121.86170924 20
111  39.79306636 -121.86169508 20
113  39.79305548 -121.86171667 20
120 Linear Feature 12
111  39.79313488 -121.86178451 20
111  39.79314710 -121.86176127 20
111  39.79313004 -121.86174608 20
113  39.79311782 -121.86176932 20
120 Linear Feature 10
111  39.79229172 -121.86155077 20
111  39.79236109 -121.86140912 20
111  39.79312123 -121.86203955 20
113  39.79305300 -121.86218046 20
120 Linear Feature 7
111  39.79900769 -121.86154593 51
115  39.79926151 -121.86102770
120 Linear Feature 17
111  39.79815695 -121.86326965 59
111  39.79804314 -121.86350329 59
112  39.79794610 -121.86354755  39.79789302 -121.86351085 59
111  39.79786317 -121.86348386 1
111  39.79538907 -121.86143834 59
111  39.79537417 -121.86141587 59
112  39.79535862 -121.86121198  39.79541045 -121.86110628 59
111  39.79544629 -121.86103441 1
111  39.79554545 -121.86083362 1
112  39.79547344 -121.86055045  39.79530756 -121.86041444 1
111  39.79504768 -121.86019743
111  39.79535764 -121.86121402 59
112  39.79518475 -121.86126615  39.79510066 -121.86119793 1
111  39.79123526 -121.85799684 59
112  39.79121536 -121.85786084  39.79125716 -121.85776629 59
111  39.79132922 -121.85761996 1
115  39.79146449 -121.85734390
120 Linear Feature 51
111  39.79555005 -121.86047294 3
112  39.79572982 -121.86036890  39.79580101 -121.86021690 3
111  39.79644653 -121.85890299 3
112  39.79642353 -121.85868078  39.79634508 -121.85856753
111  39.79661808 -121.85867277
111  39.79667935 -121.85889235 3
112  39.79651443 -121.85895824  39.79645683 -121.85907369 3
111  39.79577807 -121.86045425 3
112  39.79580142 -121.86068108  39.79587860 -121.86079952
111  39.79621283 -121.86113309 51
111  39.79574966 -121.86074876 51
112  39.79570305 -121.86051781  39.79575792 -121.86040185 51
111  39.79580908 -121.86029930 59
111  39.79603563 -121.85984288 51
111  39.79607405 -121.85976120 59
111  39.79629883 -121.85929866 51
115  39.79655122 -121.85878645
120 Linear Feature 83
111  39.78814884 -121.85120255 51 101
112  39.78813443 -121.85097517  39.78813693 -121.85088997 51 101
111  39.78818091 -121.85076899 51 101
112  39.78827187 -121.85057387  39.78831585 -121.85049973 59 105
111  39.78833584 -121.85047241 59 105
112  39.78862821 -121.85033364  39.78879112 -121.85035144 51 101
111  39.78904292 -121.85058811 51 101
111  39.79078873 -121.85201117 51 101
111  39.79253399 -121.85345963 51 101
111  39.79343438 -121.85420328 51 101
111  39.79725585 -121.85736366 51 101
111  39.79980387 -121.85947048 51 101
112  39.80006676 -121.85938727  39.80015525 -121.85920578 51 101
111  39.80030702 -121.85890265 51 101
116  39.80024251 -121.85856743  39.80010082 -121.85841041
120 Linear Feature 12
111  39.78794170 -121.85062836 58
111  39.78817094 -121.85018816 58
115  39.78846660 -121.84999094
120 Linear Feature 11
111  39.78870134 -121.85023139 3
115  39.78874107 -121.85024295
120 Linear Feature 10
111  39.78859314 -121.85022032 3
115  39.78863260 -121.85022100
120 Linear Feature 9
111  39.78848274 -121.85024097 3
115  39.78852339 -121.85022922
120 Linear Feature 8
111  39.78838310 -121.85029164 3
115  39.78841980 -121.85026879
120 Linear Feature 7
111  39.78829165 -121.85036960 3
115  39.78832477 -121.85033777
120 Linear Feature 6
111  39.78821909 -121.85047665 3
115  39.78824450 -121.85043502
120 Linear Feature 5
111  39.78815900 -121.85059714 3
115  39.78818148 -121.85055123
120 Linear Feature 4
111  39.78810066 -121.85071576 3
115  39.78812366 -121.85067052
120 Linear Feature 3
111  39.78804110 -121.85083668 3
115  39.78806384 -121.85079110
120 Linear Feature 2
111  39.78797702 -121.85096210 3
115  39.78800510 -121.85090997
120 Linear Feature 1
111  39.79215283 -121.85347792 59 105
112  39.79224856 -121.85335576  39.79226554 -121.85326120
111  39.79224856 -121.85335576
112  39.79224856 -121.85335576  39.79227307 -121.85326120 51 101
115  39.79220807 -121.85318912
120 Linear Feature 105
111  39.79332562 -121.85356915 51 101
116  39.79324570 -121.85339321  39.79313120 -121.85335435
120 Linear Feature 104
112  39.79296660 -121.85429462  39.79284845 -121.85448429
111  39.79296660 -121.85429462
112  39.79296660 -121.85429462  39.79304636 -121.85406748 59 105
112  39.79297276 -121.85390275  39.79297026 -121.85389755
111  39.79297276 -121.85390275
112  39.79297276 -121.85390275  39.79296227 -121.85385722 51 101
112  39.79289135 -121.85375477  39.79288935 -121.85375347
111  39.79289135 -121.85375477
112  39.79289135 -121.85375477  39.79313572 -121.85391875 51 101
112  39.79330032 -121.85362035  39.79330157 -121.85362252
111  39.79330032 -121.85362035
112  39.79330032 -121.85362035  39.79318741 -121.85394298 51 101
112  39.79339247 -121.85416868  39.79339247 -121.85416999
111  39.79339247 -121.85416868
112  39.79339247 -121.85416868  39.79331661 -121.85411540 51 101
113  39.79323890 -121.85412244 59 105
120 Linear Feature 103
111  39.79182715 -121.85453893 51 101
111  39.79228041 -121.85491577 51 101
111  39.79234398 -121.85496104 51 101
116  39.79269498 -121.85484286  39.79284279 -121.85462167
120 Linear Feature 102
111  39.79326742 -121.85573262 51 101
111  39.79284118 -121.85538031 51 101
111  39.79275059 -121.85529268 51 101
112  39.79269500 -121.85484287  39.79278712 -121.85457125
111  39.79269500 -121.85484287
112  39.79269500 -121.85484287  39.79270524 -121.85482481 51 101
111  39.79291120 -121.85440603 59 105
111  39.79312567 -121.85397462 51 101
111  39.79331594 -121.85358862 51 101
111  39.79336693 -121.85348595 51 101
116  39.79351149 -121.85337243  39.79363484 -121.85332559
120 Linear Feature 101
111  39.79231568 -121.85317504 3
115  39.79228242 -121.85314756
120 Linear Feature 100
111  39.79240855 -121.85325236 3
115  39.79237529 -121.85322413
120 Linear Feature 99
111  39.79364919 -121.85322696 3 102
116  39.79394267 -121.85293841  39.79406600 -121.85260931
120 Linear Feature 98
111  39.79759644 -121.85667109 51 101
116  39.79754006 -121.85633333  39.79740770 -121.85620327
120 Linear Feature 97
112  39.79709383 -121.85769083  39.79703476 -121.85793987
111  39.79709383 -121.85769083
112  39.79709383 -121.85769083  39.79718971 -121.85752832 59 105
111  39.79735924 -121.85753833 51 101
111  39.79753040 -121.85759069 51 101
112  39.79741779 -121.85703616  39.79751833 -121.85671265
111  39.79741779 -121.85703616
112  39.79741779 -121.85703616  39.79741695 -121.85703183 51 101
112  39.79696522 -121.85712330  39.79665301 -121.85694820
111  39.79696522 -121.85712330
112  39.79696522 -121.85712330  39.79698317 -121.85714534 51 101
112  39.79708836 -121.85731583  39.79710275 -121.85738062
111  39.79708836 -121.85731583
114  39.79708836 -121.85731583  39.79708956 -121.85731973 59 105
120 Linear Feature 96
111  39.79742174 -121.85917087 51 101
111  39.79694318 -121.85877184 51 101
112  39.79684573 -121.85818957  39.79700118 -121.85788203 51 101
111  39.79702835 -121.85782357 59 105
111  39.79724839 -121.85737752 51 101
111  39.79742065 -121.85703040 51 101
111  39.79759645 -121.85667109 51 101
116  39.79784691 -121.85658724  39.79801540 -121.85666658
120 Linear Feature 95
111  39.79952551 -121.86049099 51 101
112  39.79912929 -121.86058424  39.79891439 -121.86040554 51 101
115  39.79866774 -121.86020387
120 Linear Feature 94
111  39.80030702 -121.85890265 51 101
116  39.80055138 -121.85882334  39.80069149 -121.85895489
120 Linear Feature 93
111  39.79986802 -121.85979154 59 105
111  39.79995474 -121.85961437 51 101
111  39.80006676 -121.85938727 51 101
116  39.80012196 -121.85973356  39.80026619 -121.85986508
120 Linear Feature 92
111  39.80012196 -121.85973358 51 101
111  39.79980386 -121.85947049 51 101
112  39.79986424 -121.85957143  39.79987678 -121.85961441 59 105
116  39.79986802 -121.85979156  39.79984353 -121.85987678
120 Linear Feature 91
111  39.80284554 -121.86062330 53
111  39.80282854 -121.86061020
111  39.80276988 -121.86056186 53
111  39.80273518 -121.86053249
111  39.80267652 -121.86048551 53
111  39.80264147 -121.86045795
111  39.80258455 -121.86041007 53
111  39.80254845 -121.86037935
111  39.80249115 -121.86033147 53
111  39.80245533 -121.86030437
111  39.80239757 -121.86025458 53
111  39.80236908 -121.86023181
111  39.80230611 -121.86017977 53
111  39.80227062 -121.86015049
111  39.80221365 -121.86010170 53
111  39.80217917 -121.86007503
111  39.80212172 -121.86002760 53
111  39.80208674 -121.85999703
111  39.80203026 -121.85995019 53
111  39.80199378 -121.85991961
111  39.80193631 -121.85987277 53
111  39.80190532 -121.85984610
111  39.80184452 -121.85979797 53
111  39.80180897 -121.85976790
111  39.80175027 -121.85971464 53
111  39.80171429 -121.85968653
111  39.80165947 -121.85963942 53
111  39.80162198 -121.85960825
111  39.80156541 -121.85956262 53
111  39.80152932 -121.85953325
111  39.80146770 -121.85948028 53
111  39.80143705 -121.85945468
111  39.80137710 -121.85940518 53
111  39.80134462 -121.85937851
111  39.80128814 -121.85933297 53
111  39.80125316 -121.85930500
111  39.80119568 -121.85925686 53
111  39.80116020 -121.85922758
111  39.80110322 -121.85917880 53
111  39.80106524 -121.85914757
111  39.80101026 -121.85910268 53
111  39.80097478 -121.85907211
111  39.80091730 -121.85902592 53
111  39.80088132 -121.85899730
111  39.80082385 -121.85895111 53
111  39.80078986 -121.85892119
111  39.80073189 -121.85887370 53
111  39.80069790 -121.85884378
111  39.80063943 -121.85879564 53
111  39.80060345 -121.85876702
111  39.80054697 -121.85871953 53
111  39.80051248 -121.85868960
111  39.80045551 -121.85864147 53
111  39.80042003 -121.85861284
111  39.80036255 -121.85856796 53
111  39.80032807 -121.85853803
111  39.80027109 -121.85848794 53
111  39.80023611 -121.85845932
111  39.80017663 -121.85841248 53
111  39.80014115 -121.85838321
111  39.80008397 -121.85833473 53
111  39.80004857 -121.85830546
111  39.79999318 -121.85826100 53
111  39.79995695 -121.85823010
111  39.79990072 -121.85818348 53
111  39.79986490 -121.85815421
111  39.79980868 -121.85810596 53
111  39.79977203 -121.85807507
111  39.79971543 -121.85803039 53
111  39.79967899 -121.85800013
111  39.79962371 -121.85795275 53
111  39.79958773 -121.85792465
111  39.79953015 -121.85787625 53
111  39.79949357 -121.85784737
111  39.79943779 -121.85780131 53
111  39.79940181 -121.85776931
111  39.79934424 -121.85772481 53
111  39.79930945 -121.85769359
111  39.79925308 -121.85764909 53
111  39.79921529 -121.85761631
111  39.79916012 -121.85756947 53
111  39.79912413 -121.85754059
111  39.79906776 -121.85749453 53
111  39.79903117 -121.85746331
111  39.79897480 -121.85741803 53
111  39.79894061 -121.85738837
111  39.79888304 -121.85734154 53
111  39.79884706 -121.85731343
111  39.79878888 -121.85726348 53
111  39.79875649 -121.85723850
111  39.79869712 -121.85718854 53
111  39.79866174 -121.85715966
111  39.79860296 -121.85711204 53
111  39.79856818 -121.85708394
111  39.79851120 -121.85703554 53
111  39.79847582 -121.85700588
111  39.79842020 -121.85695794 53
111  39.79838341 -121.85692767
111  39.79832684 -121.85688250 53
111  39.79829005 -121.85685268
111  39.79823486 -121.85680661 53
111  39.79819981 -121.85677725
111  39.79814289 -121.85672936 53
111  39.79810645 -121.85669819
111  39.79805057 -121.85665437 53
111  39.79801552 -121.85662275
111  39.79795609 -121.85657725 53
111  39.79792018 -121.85654682
111  39.79786352 -121.85649988 53
111  39.79782812 -121.85647097
111  39.79777051 -121.85642309 53
111  39.79773615 -121.85639598
111  39.79767957 -121.85634765 53
111  39.79764487 -121.85631874
111  39.79758725 -121.85627131 53
111  39.79755255 -121.85624104
111  39.79749563 -121.85619451 53
111  39.79746057 -121.85616560
111  39.79740261 -121.85611727 53
111  39.79736652 -121.85608610
111  39.79731064 -121.85604002 53
111  39.79727385 -121.85600840
111  39.79721728 -121.85596413 53
111  39.79718153 -121.85593432
111  39.79712461 -121.85588779 53
111  39.79708921 -121.85585752
111  39.79703160 -121.85581145 53
111  39.79699654 -121.85578299
111  39.79693858 -121.85573375 53
111  39.79690388 -121.85570394
111  39.79684626 -121.85565831 53
111  39.79681086 -121.85562805
111  39.79675360 -121.85558016 53
111  39.79671889 -121.85555171
111  39.79666093 -121.85550563 53
111  39.79662622 -121.85547627
111  39.79656861 -121.85542884 53
111  39.79653390 -121.85540083
111  39.79499681 -121.85412643 53
111  39.79496016 -121.85409716
111  39.79490394 -121.85405000 53
111  39.79486895 -121.85402073
111  39.79481148 -121.85397357 53
111  39.79477566 -121.85394484
111  39.79471902 -121.85389823 53
111  39.79468362 -121.85386896
111  39.79462490 -121.85382071 53
111  39.79459033 -121.85379144
111  39.79453285 -121.85374428 53
111  39.79449870 -121.85371610
111  39.79443998 -121.85366894 53
111  39.79440624 -121.85363967
111  39.79434752 -121.85359143 53
111  39.79431337 -121.85356107
111  39.79425506 -121.85351337 53
111  39.79422091 -121.85348735
111  39.79416218 -121.85343694 53
111  39.79413386 -121.85340334
111  39.79409472 -121.85332799 53
111  39.79408264 -121.85328083
111  39.79408180 -121.85319248 53
111  39.79408930 -121.85314044
111  39.79412054 -121.85306239 53
111  39.79414386 -121.85301577
111  39.79418093 -121.85294043 53
111  39.79420300 -121.85289544
111  39.79423965 -121.85282064 53
111  39.79426256 -121.85277564
111  39.79429671 -121.85270193 53
111  39.79431961 -121.85265694
111  39.79435627 -121.85258159 53
111  39.79437834 -121.85253660
111  39.79441457 -121.85246343 53
111  39.79443790 -121.85241627
111  39.79447386 -121.85234130 53
111  39.79449641 -121.85229763
111  39.79453312 -121.85222172 53
111  39.79455686 -121.85217619
111  39.79459434 -121.85210301 53
111  39.79461600 -121.85205531
111  39.79465432 -121.85198430 53
111  39.79467472 -121.85193768
111  39.79471096 -121.85186505 53
111  39.79473470 -121.85181789
111  39.79476885 -121.85174471 53
115  39.79479259 -121.85169810
120 Linear Feature 90
111  39.80154454 -121.85964837 51 101
116  39.80148390 -121.85932161  39.80154815 -121.85912872
120 Linear Feature 89
111  39.80129144 -121.85971593 51 101
111  39.80148390 -121.85932161 51 101
116  39.80123668 -121.85939283  39.80106612 -121.85931977
120 Linear Feature 88
111  39.80129144 -121.85971593 51 101
116  39.80154454 -121.85964837  39.80172948 -121.85973383
120 Linear Feature 87
111  39.80079653 -121.86029282 51 101
116  39.80103404 -121.86024346  39.80117481 -121.86010520
120 Linear Feature 86
111  39.80086079 -121.86059749 59 105
112  39.80085674 -121.86039795  39.80081996 -121.86026761
111  39.80085674 -121.86039795
112  39.80085674 -121.86039795  39.80082933 -121.86033582 51 101
116  39.80079641 -121.86029307  39.80076510 -121.86024993
120 Linear Feature 85
111  39.80103403 -121.86024459 51 101
116  39.80108492 -121.86053243  39.80118743 -121.86065577
120 Linear Feature 84
111  39.80086079 -121.86059749 59 105
111  39.80094021 -121.86043725 51 101
111  39.80129144 -121.85971592 51 101
116  39.80123740 -121.85939282  39.80111474 -121.85924522
120 Linear Feature 81
111  39.80279673 -121.86071788 51 101
112  39.80272633 -121.86062842  39.80267335 -121.86058483 51 101
111  39.80205228 -121.86007159 51 101
111  39.80138748 -121.85951745 51 101
111  39.80038513 -121.85868530 51 101
111  39.79769771 -121.85646355 51 101
111  39.79461940 -121.85391866 51 101
111  39.79409124 -121.85347907 51 101
111  39.79401551 -121.85341737 51 101
112  39.79377792 -121.85335138  39.79360771 -121.85336542 51 101
111  39.79229048 -121.85346732 59 105
111  39.79186686 -121.85349991 51 101
111  39.79086952 -121.85357798 51 101
111  39.79081717 -121.85358136 51 101
112  39.79056536 -121.85349851  39.79044964 -121.85340635 51 101
115  39.79006253 -121.85307949
120 Linear Feature 80
111  39.80050793 -121.86131206 51 101
112  39.80012713 -121.86141152  39.79990537 -121.86122108 51 101
111  39.79973417 -121.86108690 51 101
111  39.79959273 -121.86096525 51 101
112  39.79949956 -121.86076678  39.79948920 -121.86066786 51 101
111  39.79949651 -121.86064254 51 101
112  39.79952549 -121.86049097  39.79954598 -121.86045064 51 101
111  39.79973661 -121.86006530 59 105
111  39.79986801 -121.85979156 59 105
112  39.80002024 -121.85970280  39.80010918 -121.85970251
111  39.80002024 -121.85970280
112  39.80002024 -121.85970280  39.80003340 -121.85970665 51 101
112  39.80012196 -121.85973360  39.80018158 -121.85976841
111  39.80012196 -121.85973360
112  39.80012196 -121.85973360  39.80024756 -121.85983720 51 101
115  39.80108492 -121.86053242
120 Linear Feature 79
111  39.80297418 -121.86209865 51 101
111  39.80108491 -121.86053242 51 101
112  39.80100272 -121.86051744  39.80095364 -121.86052460 59 105
112  39.80086080 -121.86059750  39.80082859 -121.86066267
111  39.80086080 -121.86059750
112  39.80086080 -121.86059750  39.80082859 -121.86066267 59 105
112  39.80072059 -121.86088111  39.80064043 -121.86104346 51
111  39.80050793 -121.86131202 51 101
112  39.80061569 -121.86181722  39.80084825 -121.86200823 51 101
115  39.80109611 -121.86222070
120 Linear Feature 39
111  39.79078875 -121.85201120 51 101
116  39.79075563 -121.85179892  39.79079798 -121.85166786
120 Linear Feature 37
111  39.79058973 -121.85184897 51 101
112  39.79075561 -121.85179892  39.79082182 -121.85169150
111  39.79075561 -121.85179892
112  39.79075561 -121.85179892  39.79080301 -121.85170171 51 101
111  39.79082713 -121.85165501 51
112  39.79117038 -121.85095764  39.79119000 -121.85091942
111  39.79117038 -121.85095764
112  39.79117038 -121.85095764  39.79111965 -121.85112353 51
111  39.79123629 -121.85116826 51
111  39.79416020 -121.85137612 51
112  39.79427354 -121.85141620  39.79431841 -121.85145090 51
111  39.79457112 -121.85165793 51
112  39.79459468 -121.85185252  39.79453417 -121.85197596 51
111  39.79407348 -121.85291266 51
111  39.79401738 -121.85302624 51 101
116  39.79377771 -121.85335139  39.79368200 -121.85333414
120 Linear Feature 2
111  39.79421335 -121.85304032 20
115  39.79418697 -121.85301855
120 Linear Feature 1
111  39.79484971 -121.85174697 20
111  39.79420039 -121.85306666 20
111  39.79422324 -121.85308648 20
111  39.79462283 -121.85341862 20
111  39.79580260 -121.85439422 20
111  39.79663487 -121.85508276 20
111  39.79776709 -121.85601978 20
111  39.79878440 -121.85686029 20
111  39.80039493 -121.85819309 20
111  39.80222807 -121.85970948 20
111  39.80299378 -121.86034701
111  39.80295794 -121.86041913 20
111  39.80145435 -121.85917182 20
111  39.80013345 -121.85807902 20
111  39.79879728 -121.85697109 20
111  39.79692482 -121.85542433 20
111  39.79694386 -121.85538782 20
111  39.79692483 -121.85542434 20
111  39.79600348 -121.85466113 20
111  39.79497358 -121.85380965 20
111  39.79456801 -121.85347569 20
111  39.79411133 -121.85309385 20
111  39.79462249 -121.85205049 20
115  39.79479589 -121.85170313
120 Linear Feature 112
111  39.80173394 -121.85930075 53
115  39.80236372 -121.85802415
120 Linear Feature 111
111  39.80221636 -121.85977653 51
112  39.80214993 -121.85941756  39.80199448 -121.85928349 51
111  39.80182058 -121.85914151 51
116  39.80154390 -121.85920269  39.80142776 -121.85939135
120 Linear Feature 110
111  39.80191380 -121.85995617 51 101
116  39.80216711 -121.85987931  39.80226601 -121.85971649
120 Linear Feature 109
111  39.80216496 -121.85803333 51
112  39.80208210 -121.85811443  39.80205675 -121.85816403 51
111  39.80183532 -121.85861163 51
111  39.80154064 -121.85920932 51
115  39.80148390 -121.85932161
120 Linear Feature 107
111  39.80221678 -121.86020755 51 101
112  39.80216711 -121.85987931  39.80223889 -121.85968687
111  39.80216711 -121.85987931
112  39.80216711 -121.85987931  39.80225164 -121.85970181 51
111  39.80229513 -121.85961573 51
111  39.80258174 -121.85902941 51
112  39.80259476 -121.85901774  39.80260394 -121.85901385 51
111  39.80275694 -121.85894739 51
112  39.80293976 -121.85874111  39.80296738 -121.85856896 51
111  39.80285088 -121.85846441 51
111  39.80235546 -121.85805885 51
116  39.80216498 -121.85803337  39.80204831 -121.85808453
120 Linear Feature 106
111  39.80224105 -121.86022758 51 101
116  39.80249408 -121.86013915  39.80259510 -121.85996477
120 Linear Feature 145
111  39.80201876 -121.85893450 51
115  39.80203536 -121.85890249
120 Linear Feature 144
111  39.80226776 -121.85917810 21 106
111  39.80231538 -121.85907829 21 106
111  39.80223335 -121.85880530 21 106
111  39.80221030 -121.85878570 21 106
111  39.80199298 -121.85881410 21 106
111  39.80194288 -121.85891453 21 106
111  39.80201726 -121.85916939 21 106
113  39.80204062 -121.85919099 21 106
120 Linear Feature 147
111  39.80200105 -121.85885007 51
115  39.80201896 -121.85886567
120 Linear Feature 146
111  39.80197550 -121.85891634 51
115  39.80199583 -121.85893353
120 Linear Feature 104
111  39.80293100 -121.86034573 20
115  39.80296694 -121.86037510
120 Linear Feature 103
111  39.80283893 -121.86027054 20
115  39.80287373 -121.86029814
120 Linear Feature 102
111  39.80274654 -121.86019448 20
115  39.80278205 -121.86022302
120 Linear Feature 101
112  39.80265493 -121.86011793  39.80265487 -121.86011777 20
115  39.80268996 -121.86014708
120 Linear Feature 100
111  39.80256255 -121.86004247 20
115  39.80259704 -121.86007005
120 Linear Feature 99
111  39.80247017 -121.85996628 20
115  39.80250456 -121.85999475
120 Linear Feature 98
111  39.80237728 -121.85988990 20
115  39.80241305 -121.85991905
120 Linear Feature 97
111  39.80228487 -121.85980675 20
115  39.80231946 -121.85983610
120 Linear Feature 96
111  39.80219250 -121.85972976 20
115  39.80222025 -121.85975360
120 Linear Feature 95
111  39.80209979 -121.85965368 20
115  39.80213401 -121.85968365
120 Linear Feature 94
111  39.80200631 -121.85957746 20
115  39.80204086 -121.85960554
120 Linear Feature 93
111  39.80195906 -121.85953749 20
115  39.80193963 -121.85957438
120 Linear Feature 92
111  39.80191316 -121.85949990 20
115  39.80194898 -121.85952912
120 Linear Feature 91
112  39.80182226 -121.85942465  39.80182216 -121.85942461 20
115  39.80185710 -121.85945352
120 Linear Feature 90
111  39.80173041 -121.85934923 20
115  39.80176520 -121.85937738
120 Linear Feature 89
111  39.80163763 -121.85927270 20
115  39.80167137 -121.85930061
120 Linear Feature 88
111  39.80155086 -121.85919996 20
115  39.80157932 -121.85922389
120 Linear Feature 87
111  39.80145327 -121.85911940 20
115  39.80148764 -121.85914719
120 Linear Feature 86
111  39.80136137 -121.85904337 20
115  39.80139611 -121.85907230
120 Linear Feature 85
111  39.80126816 -121.85896724 20
115  39.80130358 -121.85899497
120 Linear Feature 84
111  39.80117620 -121.85889041 20
115  39.80121095 -121.85891879
120 Linear Feature 83
111  39.80115840 -121.85887551 20
115  39.80117655 -121.85883966
120 Linear Feature 82
111  39.80108159 -121.85881178 20
115  39.80111745 -121.85884125
120 Linear Feature 81
111  39.80098984 -121.85873517 20
115  39.80102357 -121.85876247
120 Linear Feature 80
111  39.80089743 -121.85865790 20
115  39.80093069 -121.85868620
120 Linear Feature 79
111  39.80080477 -121.85858233 20
115  39.80084007 -121.85861184
120 Linear Feature 78
111  39.80071174 -121.85850625 20
115  39.80074685 -121.85853493
120 Linear Feature 77
111  39.80061906 -121.85842798 20
115  39.80065487 -121.85845825
120 Linear Feature 76
111  39.80052455 -121.85835035 20
115  39.80056188 -121.85838167
120 Linear Feature 75
111  39.80043536 -121.85827702 20
115  39.80047031 -121.85830479
120 Linear Feature 74
111  39.80034265 -121.85820002 20
115  39.80037816 -121.85822839
120 Linear Feature 73
111  39.80025042 -121.85812392 20
115  39.80028562 -121.85815291
120 Linear Feature 72
111  39.80015659 -121.85804617 20
115  39.80019198 -121.85807425
120 Linear Feature 71
111  39.80006418 -121.85796984 20
115  39.80009986 -121.85799872
120 Linear Feature 70
111  39.79997308 -121.85789465 20
115  39.80000788 -121.85792364
120 Linear Feature 69
111  39.79987993 -121.85781743 20
115  39.79991581 -121.85784686
120 Linear Feature 68
111  39.79978750 -121.85773949 20
115  39.79982282 -121.85776903
120 Linear Feature 67
111  39.79969471 -121.85766295 20
115  39.79973120 -121.85769252
120 Linear Feature 66
111  39.79960164 -121.85758691 20
115  39.79963784 -121.85761571
120 Linear Feature 65
111  39.79951020 -121.85751050 20
115  39.79954529 -121.85753987
120 Linear Feature 64
111  39.79941800 -121.85743470 20
115  39.79945285 -121.85746313
120 Linear Feature 63
111  39.79932543 -121.85735877 20
115  39.79936059 -121.85738819
120 Linear Feature 62
111  39.79923233 -121.85728179 20
115  39.79926725 -121.85731137
120 Linear Feature 61
111  39.79913977 -121.85720520 20
115  39.79917559 -121.85723468
120 Linear Feature 60
111  39.79904824 -121.85712840 20
115  39.79908205 -121.85715641
120 Linear Feature 59
111  39.79895543 -121.85705211 20
115  39.79898908 -121.85708105
120 Linear Feature 58
111  39.79886246 -121.85697393 20
115  39.79889815 -121.85700386
120 Linear Feature 57
111  39.79877065 -121.85689994 20
115  39.79880508 -121.85692622
120 Linear Feature 56
111  39.79867802 -121.85682344 20
115  39.79871260 -121.85685185
120 Linear Feature 55
111  39.79858463 -121.85674607 20
115  39.79861972 -121.85677555
120 Linear Feature 54
111  39.79849304 -121.85667031 20
115  39.79852701 -121.85669811
120 Linear Feature 53
111  39.79839948 -121.85659283 20
115  39.79843456 -121.85662183
120 Linear Feature 52
111  39.79830803 -121.85651719 20
115  39.79834218 -121.85654580
120 Linear Feature 51
111  39.79821612 -121.85644090 20
115  39.79825081 -121.85647004
120 Linear Feature 50
111  39.79813204 -121.85637048 20
115  39.79815860 -121.85639246
120 Linear Feature 49
111  39.79803139 -121.85628715 20
115  39.79806588 -121.85631542
120 Linear Feature 48
111  39.79793776 -121.85621044 20
115  39.79797296 -121.85623991
120 Linear Feature 47
111  39.79784549 -121.85613401 20
115  39.79787967 -121.85616270
120 Linear Feature 46
111  39.79775287 -121.85605846 20
115  39.79778709 -121.85608611
120 Linear Feature 45
111  39.79766102 -121.85598263 20
115  39.79769418 -121.85600972
120 Linear Feature 44
111  39.79756878 -121.85590482 20
115  39.79760419 -121.85593524
120 Linear Feature 43
111  39.79747661 -121.85582827 20
115  39.79751110 -121.85585668
120 Linear Feature 42
111  39.79738341 -121.85575154 20
115  39.79741898 -121.85578062
120 Linear Feature 41
111  39.79729036 -121.85567421 20
115  39.79732679 -121.85570336
120 Linear Feature 40
111  39.79719879 -121.85559798 20
115  39.79723413 -121.85562745
120 Linear Feature 39
111  39.79710519 -121.85552235 20
115  39.79714077 -121.85555049
120 Linear Feature 38
111  39.79701272 -121.85544540 20
115  39.79704851 -121.85547537
120 Linear Feature 37
111  39.79692055 -121.85536772 20
115  39.79695617 -121.85539840
120 Linear Feature 36
111  39.79682819 -121.85529189 20
115  39.79686340 -121.85532135
120 Linear Feature 35
111  39.79673690 -121.85521512 20
115  39.79677079 -121.85524424
120 Linear Feature 34
111  39.79664295 -121.85514072 20
115  39.79667728 -121.85516797
120 Linear Feature 33
111  39.79599660 -121.85460295 20
115  39.79603158 -121.85463324
120 Linear Feature 32
111  39.79590406 -121.85452704 20
115  39.79593973 -121.85455670
120 Linear Feature 31
111  39.79581084 -121.85445065 20
115  39.79584629 -121.85447959
120 Linear Feature 29
111  39.79571923 -121.85437543 20
115  39.79575150 -121.85440264
120 Linear Feature 28
111  39.79562689 -121.85430037 20
115  39.79566008 -121.85432629
120 Linear Feature 27
111  39.79553274 -121.85422220 20
115  39.79556717 -121.85425060
120 Linear Feature 26
111  39.79544197 -121.85414564 20
115  39.79547634 -121.85417315
120 Linear Feature 25
111  39.79534774 -121.85406773 20
115  39.79538242 -121.85409621
120 Linear Feature 24
111  39.79525682 -121.85399284 20
115  39.79529062 -121.85402043
120 Linear Feature 23
111  39.79516236 -121.85391492 20
115  39.79519847 -121.85394455
120 Linear Feature 22
111  39.79507207 -121.85384085 20
115  39.79510690 -121.85386834
120 Linear Feature 21
111  39.79497841 -121.85376193 20
115  39.79501310 -121.85379048
120 Linear Feature 20
111  39.79488644 -121.85368706 20
115  39.79492078 -121.85371503
120 Linear Feature 19
111  39.79479330 -121.85360870 20
115  39.79482850 -121.85363898
120 Linear Feature 18
111  39.79470054 -121.85353209 20
115  39.79473508 -121.85356081
120 Linear Feature 17
111  39.79460845 -121.85345721 20
115  39.79464181 -121.85348401
120 Linear Feature 16
111  39.79451461 -121.85337959 20
115  39.79455026 -121.85340765
120 Linear Feature 15
111  39.79442263 -121.85330316 20
115  39.79445779 -121.85333224
120 Linear Feature 14
111  39.79433025 -121.85322650 20
115  39.79436507 -121.85325486
120 Linear Feature 13
111  39.79420039 -121.85306667 20
115  39.79416440 -121.85313822
120 Linear Feature 12
111  39.79423884 -121.85315001 20
115  39.79427299 -121.85317872
120 Linear Feature 11
111  39.79414940 -121.85309121 20
115  39.79417781 -121.85303285
120 Linear Feature 10
111  39.79421011 -121.85296717 20
115  39.79423486 -121.85291701
120 Linear Feature 9
111  39.79458171 -121.85221021 20
115  39.79456132 -121.85225041
120 Linear Feature 8
111  39.79464178 -121.85209025 20
115  39.79461962 -121.85213202
120 Linear Feature 7
111  39.79470086 -121.85196991 20
115  39.79467999 -121.85201139
120 Linear Feature 6
111  39.79476053 -121.85185123 20
115  39.79473869 -121.85189376
120 Linear Feature 5
111  39.79481918 -121.85173139 20
115  39.79479674 -121.85177559
21  39.80105199 -121.86156501 2 147.5300 3.00 13L PAPI-4L
21  39.78914432 -121.85290698 1 327.5300 3.00 31R VASI
19  39.79866834 -121.86278578 1 WS
19  39.80406149 -121.86372883 1 WS
19  39.78714956 -121.85162620 1 WS
19  39.79117267 -121.85734523 1 WS
50 11967 AWOS 3
51 12100 CTAF
51 12295 UNICOM
53 12190 GND
54 12100 TWR
99
