A
1100 Generated by WorldEditor 1.6.0r1

1    612 0 0 KUKI UKIAH MUNI
1302 city Ukiah
1302 country United States
1302 datum_lat 39.125944444
1302 datum_lon -123.200861111
1302 faa_code UKI
1302 iata_code UKI
1302 icao_code KUKI
1302 region_code K2
1302 state California
1302 transition_alt 18000
1302 transition_level 18000
100 45.72 1 0 0.25 0 2 0 15  39.13189229 -123.20243115    0    0 2 0 0 1 33  39.12002171 -123.19928217    0    0 2 0 0 1
110 2 0.04 0.0000 New Taxiway 2
111  39.12856775 -123.20340627
111  39.12856713 -123.20333677
111  39.12871159 -123.20333913
112  39.12879903 -123.20335984  39.12880081 -123.20338054
111  39.12880260 -123.20340009
112  39.12877568 -123.20339684  39.12876527 -123.20340546
111  39.12873677 -123.20342224
111  39.12873243 -123.20344939
111  39.12864940 -123.20344780
111  39.12864506 -123.20343581
111  39.12859797 -123.20343502
111  39.12858744 -123.20342463
111  39.12869959 -123.20342463
112  39.12870017 -123.20341570  39.12870017 -123.20341217
113  39.12869743 -123.20340575
110 2 0.04 0.0000 New Taxiway 1
111  39.12825800 -123.20344312
112  39.12824189 -123.20341996  39.12822082 -123.20341676
111  39.12821401 -123.20341756
112  39.12825366 -123.20334407  39.12829579 -123.20332970
111  39.12853435 -123.20333369
111  39.12853476 -123.20340451
111  39.12840619 -123.20340451
112  39.12840051 -123.20341583  39.12839845 -123.20342515
111  39.12840206 -123.20342382
111  39.12841807 -123.20342382
111  39.12841807 -123.20343713
111  39.12840722 -123.20343513
111  39.12840619 -123.20344911
111  39.12837314 -123.20344844
111  39.12836024 -123.20343779
111  39.12831377 -123.20343247
113  39.12831222 -123.20345111
110 1 0.00 -12.0000 Main Taxiway Area
111  39.12007571 -123.19898513
111  39.13191887 -123.20216382
111  39.13353325 -123.20259296
111  39.13330391 -123.20398506 1 102
111  39.13216408 -123.20368429 1
111  39.13206469 -123.20429603 1
112  39.13150104 -123.20416143  39.13149597 -123.20417123 1
111  39.13147236 -123.20437100 1
111  39.12873978 -123.20410538 1
111  39.12873978 -123.20417499 1
111  39.12754943 -123.20425066 1
111  39.12753065 -123.20367260 1
111  39.12642586 -123.20319799 1
111  39.12643294 -123.20396784 1
111  39.12519459 -123.20399944 1
111  39.12517081 -123.20300844 1
111  39.12501188 -123.20299888 1
111  39.12485536 -123.20301654 1
111  39.12484362 -123.20306698 1
111  39.12444058 -123.20301654 1
111  39.12445623 -123.20281730 1
111  39.12435645 -123.20280217 1
111  39.12445345 -123.20199762
112  39.12445345 -123.20199762  39.12445922 -123.20194206 1
112  39.12438745 -123.20190628  39.12433814 -123.20189851 1
112  39.12429971 -123.20195226  39.12429218 -123.20199496
111  39.12429971 -123.20195226 1
111  39.12405906 -123.20334944 1
111  39.12394754 -123.20333179 1
111  39.12419797 -123.20182868 1
111  39.12423319 -123.20164207 1
111  39.12419268 -123.20154094 1 102
111  39.11967652 -123.20011513 1 102
111  39.11971948 -123.19991662 1 102
112  39.11996889 -123.19969190  39.11997557 -123.19966405
111  39.11996889 -123.19969190
112  39.11996889 -123.19969190  39.11997260 -123.19967449 1 102
111  39.11999041 -123.19955932 1
113  39.11998760 -123.19954014
112  39.12824057 -123.20174997  39.12818230 -123.20173575 1 102
112  39.12810719 -123.20187935  39.12809673 -123.20194279 1 102
111  39.12804917 -123.20225499
112  39.12804917 -123.20225499  39.12804484 -123.20231019 1 102
112  39.12807789 -123.20237691  39.12808892 -123.20239806 1 102
112  39.12814235 -123.20244130  39.12818393 -123.20245516 1 102
111  39.13277701 -123.20367088
112  39.13277701 -123.20367088  39.13286824 -123.20369136 1 102
112  39.13304745 -123.20363967  39.13314235 -123.20357456
111  39.13304745 -123.20363967
112  39.13304745 -123.20363967  39.13317127 -123.20355933 1 102
112  39.13327377 -123.20331691  39.13328640 -123.20323805
111  39.13327377 -123.20331691
112  39.13327377 -123.20331691  39.13327709 -123.20329976
112  39.13321153 -123.20306323  39.13311256 -123.20302091
111  39.13321153 -123.20306323
113  39.13185335 -123.20269818
112  39.12776291 -123.20234149  39.12785318 -123.20236531 1 102
112  39.12791908 -123.20218737  39.12793331 -123.20209397 1 102
112  39.12797173 -123.20186589  39.12797954 -123.20181032 1 102
112  39.12789872 -123.20165349  39.12783865 -123.20163686 1
112  39.12315427 -123.20040067  39.12311160 -123.20039004 1 102
112  39.12304469 -123.20054800  39.12303473 -123.20065113
111  39.12304469 -123.20054800
112  39.12304469 -123.20054800  39.12304168 -123.20058948 1 102
112  39.12310127 -123.20073492  39.12317534 -123.20081667
111  39.12310127 -123.20073492
112  39.12310127 -123.20073492  39.12311000 -123.20074898 1 102
113  39.12449441 -123.20147503 1 102
111  39.12363674 -123.20121238 1 102
112  39.12285109 -123.20077414  39.12278918 -123.20071639
111  39.12285109 -123.20077414
112  39.12285109 -123.20077414  39.12281321 -123.20073896 1 102
112  39.12274949 -123.20065385  39.12271096 -123.20059184
111  39.12274949 -123.20065385
112  39.12274949 -123.20065385  39.12271528 -123.20058298 1 102
112  39.12266750 -123.20046315  39.12262554 -123.20037128 1 102
112  39.12243186 -123.20020327  39.12233533 -123.20017859
112  39.12014435 -123.19960067  39.12014063 -123.19959969 1 102
112  39.12010374 -123.19965473  39.12009424 -123.19970592
111  39.12010374 -123.19965473
112  39.12010374 -123.19965473  39.12007965 -123.19975098 1 102
112  39.12014101 -123.19996628  39.12017258 -123.20003059 1 102
112  39.12036005 -123.20018637  39.12050464 -123.20024980
111  39.12036005 -123.20018637
114  39.12036005 -123.20018637  39.12040621 -123.20020037 1 102
111  39.13049658 -123.20349231
111  39.13053529 -123.20325339
111  39.13042643 -123.20322299
113  39.13038280 -123.20346207
111  39.13031687 -123.20344205
111  39.13035591 -123.20320622
111  39.13010256 -123.20313998
113  39.13006374 -123.20336980
130 Airport Boundary 1
111  39.13371138 -123.20441525
111  39.13369981 -123.20477229
111  39.12921233 -123.20419654
111  39.12813340 -123.20426382
111  39.12502372 -123.20431153
111  39.12499797 -123.20314906
111  39.12432109 -123.20300915
111  39.12427119 -123.20342878
111  39.12376377 -123.20331733
111  39.12404692 -123.20158306
111  39.12000579 -123.20044644
111  39.11977749 -123.20137177
111  39.11941714 -123.20113342
111  39.11928618 -123.20156131
111  39.11854556 -123.20109268
111  39.11853033 -123.20082880
111  39.11826613 -123.20067538
111  39.11856306 -123.19945668
111  39.11704894 -123.19868100
111  39.11742169 -123.19736474
111  39.11890208 -123.19811931
111  39.11934174 -123.19639833
111  39.12554814 -123.19971408
111  39.13052520 -123.20043041
111  39.13042157 -123.20116536
111  39.13241583 -123.20168122
111  39.13242249 -123.20160382
111  39.13408498 -123.20201948
113  39.13411145 -123.20445925
120 Linear Feature 17
111  39.12939770 -123.20321626 20
111  39.12939770 -123.20321626 20
111  39.12939772 -123.20317532 20
115  39.12939772 -123.20317532
120 Linear Feature 16
111  39.12939798 -123.20325831 20
111  39.12939798 -123.20325831 20
111  39.12939773 -123.20321613 20
111  39.12939773 -123.20321613 20
111  39.12944618 -123.20321646 20
115  39.12944618 -123.20321646
120 Linear Feature 17
111  39.12939963 -123.20337573 20
111  39.12939963 -123.20337573 20
111  39.12939966 -123.20333479 20
115  39.12939966 -123.20333479
120 Linear Feature 16
111  39.12939992 -123.20341778 20
111  39.12939992 -123.20341778 20
111  39.12939967 -123.20337561 20
111  39.12939967 -123.20337561 20
111  39.12944812 -123.20337593 20
115  39.12944812 -123.20337593
120 Linear Feature 17
111  39.12909809 -123.20344051 20
111  39.12909809 -123.20344051 20
111  39.12909812 -123.20339958 20
115  39.12909812 -123.20339958
120 Linear Feature 16
111  39.12909838 -123.20348257 20
111  39.12909838 -123.20348257 20
111  39.12909813 -123.20344039 20
111  39.12909813 -123.20344039 20
111  39.12914658 -123.20344071 20
115  39.12914658 -123.20344071
120 Linear Feature 17
111  39.12909423 -123.20328769 20
111  39.12909423 -123.20328769 20
111  39.12909425 -123.20324675 20
115  39.12909425 -123.20324675
120 Linear Feature 16
111  39.12909451 -123.20332974 20
111  39.12909451 -123.20332974 20
111  39.12909427 -123.20328756 20
111  39.12909427 -123.20328756 20
111  39.12914272 -123.20328789 20
115  39.12914272 -123.20328789
120 Linear Feature 15
111  39.12909078 -123.20313342 20
115  39.12909039 -123.20309333
120 Linear Feature 14
111  39.12909063 -123.20317280 20
111  39.12909077 -123.20313342 20
115  39.12913854 -123.20313342
120 Linear Feature 13
111  39.12918220 -123.20305306 20
115  39.12918167 -123.20300959
120 Linear Feature 12
111  39.12918282 -123.20309374 20
111  39.12918221 -123.20305305 20
115  39.12913408 -123.20305462
120 Linear Feature 2
111  39.12875297 -123.20291004 20
115  39.12878320 -123.20291718
120 Linear Feature 1
111  39.12874218 -123.20297348 20
111  39.12875299 -123.20291003 20
115  39.12872353 -123.20290138
120 Linear Feature 4
111  39.12868035 -123.20301256 20
115  39.12865006 -123.20300456
120 Linear Feature 3
111  39.12871064 -123.20302224 20
111  39.12868034 -123.20301256 20
115  39.12869096 -123.20295148
120 Linear Feature 6
111  39.12765835 -123.20310912 20
115  39.12762632 -123.20309996
120 Linear Feature 5
111  39.12764450 -123.20317564 20
111  39.12765835 -123.20310911 20
115  39.12768730 -123.20311699
120 Linear Feature 10
111  39.12503814 -123.20193118 20
115  39.12500771 -123.20192130
120 Linear Feature 9
111  39.12502858 -123.20198929 20
111  39.12503814 -123.20193118 20
115  39.12506648 -123.20193891
120 Linear Feature 8
111  39.12511069 -123.20200737 20
115  39.12508313 -123.20200012
120 Linear Feature 7
111  39.12513799 -123.20201485 20
111  39.12511070 -123.20200735 20
115  39.12512054 -123.20195313
120 Linear Feature 24
111  39.12918685 -123.20320569 20
115  39.12913685 -123.20320578
120 Linear Feature 23
111  39.12918665 -123.20324860 20
115  39.12918635 -123.20316161
120 Linear Feature 24
111  39.12953873 -123.20329029 20
115  39.12948873 -123.20329038
120 Linear Feature 23
111  39.12953854 -123.20333320 20
115  39.12953823 -123.20324622
120 Linear Feature 24
111  39.12954034 -123.20344326 20
115  39.12949034 -123.20344334
120 Linear Feature 23
111  39.12954015 -123.20348617 20
115  39.12953984 -123.20339918
120 Linear Feature 24
111  39.12559736 -123.20213775 20
115  39.12560767 -123.20207468
120 Linear Feature 23
111  39.12556484 -123.20212860 20
115  39.12563091 -123.20214626
120 Linear Feature 24
111  39.12527325 -123.20204639 20
115  39.12528356 -123.20198332
120 Linear Feature 23
111  39.12524073 -123.20203724 20
115  39.12530680 -123.20205490
120 Linear Feature 24
111  39.12857301 -123.20298698 20
115  39.12858332 -123.20292391
120 Linear Feature 23
111  39.12854049 -123.20297784 20
115  39.12860656 -123.20299549
120 Linear Feature 24
111  39.12568511 -123.20209785 20
115  39.12567498 -123.20216097
120 Linear Feature 23
111  39.12571765 -123.20210684 20
115  39.12565153 -123.20208950
120 Linear Feature 24
111  39.12536112 -123.20201083 20
115  39.12535099 -123.20207395
120 Linear Feature 23
111  39.12539366 -123.20201983 20
115  39.12532754 -123.20200248
120 Linear Feature 24
111  39.12885984 -123.20293702 20
115  39.12884971 -123.20300013
120 Linear Feature 23
111  39.12889239 -123.20294601 20
115  39.12882627 -123.20292866
120 Linear Feature 24
111  39.12974819 -123.20329007 20
115  39.12979819 -123.20329012
120 Linear Feature 23
111  39.12974845 -123.20324716 20
115  39.12974861 -123.20333414
120 Linear Feature 24
111  39.12575449 -123.20218047 20
115  39.12576480 -123.20211740
120 Linear Feature 23
111  39.12572197 -123.20217133 20
115  39.12578804 -123.20218899
120 Linear Feature 24
111  39.12543171 -123.20209238 20
115  39.12544202 -123.20202931
120 Linear Feature 23
111  39.12539919 -123.20208324 20
115  39.12546526 -123.20210089
120 Linear Feature 24
111  39.12879159 -123.20304242 20
115  39.12880190 -123.20297935
120 Linear Feature 23
111  39.12875907 -123.20303328 20
115  39.12882514 -123.20305093
120 Linear Feature 24
111  39.12552248 -123.20205766 20
115  39.12551235 -123.20212078
120 Linear Feature 23
111  39.12555503 -123.20206665 20
115  39.12548891 -123.20204931
120 Linear Feature 24
111  39.12520480 -123.20197686 20
115  39.12519468 -123.20203998
120 Linear Feature 23
111  39.12523735 -123.20198585 20
115  39.12517123 -123.20196851
120 Linear Feature 24
111  39.12864674 -123.20287865 20
115  39.12863661 -123.20294176
120 Linear Feature 23
111  39.12867929 -123.20288764 20
115  39.12861317 -123.20287029
120 Linear Feature 24
111  39.12975261 -123.20344703 20
115  39.12980261 -123.20344708
120 Linear Feature 23
111  39.12975287 -123.20340412 20
115  39.12975304 -123.20349110
120 Linear Feature 24
111  39.12756595 -123.20271490 20
115  39.12751699 -123.20273055
120 Linear Feature 23
111  39.12757222 -123.20275705 20
115  39.12755949 -123.20267162
120 Linear Feature 24
111  39.12758902 -123.20284386 20
115  39.12754006 -123.20285951
120 Linear Feature 23
111  39.12759529 -123.20288601 20
115  39.12758257 -123.20280058
120 Linear Feature 22
111  39.12733637 -123.20283149 20
115  39.12729914 -123.20286838
120 Linear Feature 21
111  39.12735475 -123.20286178 20
115  39.12732101 -123.20280600
120 Linear Feature 20
111  39.12740523 -123.20294816 20
115  39.12737150 -123.20298055
120 Linear Feature 19
111  39.12742175 -123.20297605 20
115  39.12738964 -123.20292117
120 Linear Feature 7
111  39.12526922 -123.20378070 1
115  39.12525472 -123.20294979
120 Linear Feature 6
111  39.12633123 -123.20377569 1
115  39.12630579 -123.20295676
120 Linear Feature 4
111  39.12621489 -123.20317928 1
112  39.12631631 -123.20329640  39.12632000 -123.20338579
111  39.12631631 -123.20329640 1
111  39.12632075 -123.20343924 1
112  39.12624102 -123.20353080  39.12616363 -123.20353382 1
111  39.12535413 -123.20356029 1
112  39.12526716 -123.20365957  39.12526799 -123.20374338
111  39.12526716 -123.20365957 1
111  39.12526910 -123.20379240 1
112  39.12535913 -123.20389556  39.12544666 -123.20389556 1
111  39.12626778 -123.20386977 1
112  39.12633154 -123.20378418  39.12633154 -123.20370896
111  39.12633154 -123.20378418 1
111  39.12632637 -123.20361966
112  39.12632637 -123.20361966  39.12632556 -123.20359479 1
116  39.12624091 -123.20353064  39.12618089 -123.20353279
120 Linear Feature 16
111  39.12476513 -123.20177773 1
116  39.12467148 -123.20160780  39.12459188 -123.20158666
120 Linear Feature 15
111  39.12472000 -123.20210124 1
111  39.12476535 -123.20177625 1
116  39.12493830 -123.20167995  39.12507515 -123.20171863
120 Linear Feature 3
112  39.12589361 -123.20270219  39.12588946 -123.20273337 1
112  39.12571303 -123.20279698  39.12559106 -123.20279458 1
111  39.12539000 -123.20281220 1
112  39.12525456 -123.20293847  39.12525429 -123.20305493
111  39.12525456 -123.20293847 1
111  39.12525763 -123.20311040 1
116  39.12535666 -123.20320980  39.12544141 -123.20320711
120 Linear Feature 2
112  39.12778003 -123.20243368  39.12781588 -123.20244211 1
116  39.12797555 -123.20225427  39.12800049 -123.20213412
120 Linear Feature 1
112  39.12816396 -123.20253591  39.12807917 -123.20251261 1
112  39.12797553 -123.20225445  39.12798051 -123.20205152
111  39.12797553 -123.20225445 1
111  39.12807637 -123.20163116 1
116  39.12825699 -123.20150005  39.12841678 -123.20154208
120 Linear Feature 1
111  39.13226308 -123.20254415 1
112  39.13330119 -123.20282216  39.13332052 -123.20282819 1
112  39.13339291 -123.20300558  39.13337630 -123.20312755 1
112  39.13333730 -123.20332866  39.13329575 -123.20355173 1
112  39.13281947 -123.20376719  39.13256040 -123.20370492
111  39.13281947 -123.20376719
112  39.13281947 -123.20376719  39.13273998 -123.20374675 1
112  39.13049581 -123.20315243  39.12918216 -123.20278216
111  39.13049581 -123.20315243
112  39.13049581 -123.20315243  39.12980815 -123.20295861 1
112  39.12816528 -123.20253636  39.12732606 -123.20230360
111  39.12816528 -123.20253636
112  39.12816528 -123.20253636  39.12809144 -123.20251588 1
112  39.12794300 -123.20247405  39.12786867 -123.20245287
111  39.12794300 -123.20247405
112  39.12794300 -123.20247405  39.12789057 -123.20245911 1
112  39.12777993 -123.20243396  39.12772715 -123.20241927
111  39.12777993 -123.20243396
112  39.12777993 -123.20243396  39.12719408 -123.20227091 1
112  39.12599506 -123.20196108  39.12539660 -123.20180406
111  39.12599506 -123.20196108
112  39.12599506 -123.20196108  39.12555146 -123.20184470 1
112  39.12468651 -123.20161246  39.12425825 -123.20149073
111  39.12468651 -123.20161246
112  39.12468651 -123.20161246  39.12448936 -123.20155642 1
112  39.12410320 -123.20143368  39.12391250 -123.20137781
111  39.12410320 -123.20143368
112  39.12410320 -123.20143368  39.12349356 -123.20125508 1
112  39.12240643 -123.20090607  39.12189239 -123.20074645
111  39.12240643 -123.20090607
112  39.12240643 -123.20090607  39.12105661 -123.20048694 1
112  39.12009943 -123.20017938  39.12007296 -123.20017201
111  39.12009943 -123.20017938
112  39.12009943 -123.20017938  39.12000260 -123.20015244 1
112  39.12000156 -123.19988847  39.12003186 -123.19973269 1
111  39.12006047 -123.19958184 1
116  39.12008763 -123.19952527  39.12010017 -123.19951611
120 Linear Feature 2
111  39.12608694 -123.20198509 1
112  39.12597218 -123.20208632  39.12595690 -123.20221018 1
111  39.12589200 -123.20271389
112  39.12589200 -123.20271389  39.12587868 -123.20278030 1
112  39.12607871 -123.20281701  39.12614987 -123.20282271
111  39.12607871 -123.20281701 1
111  39.12619972 -123.20283256 1
112  39.12630561 -123.20295158  39.12631043 -123.20305004
111  39.12630561 -123.20295158 1
111  39.12630903 -123.20306177
112  39.12630903 -123.20306177  39.12630903 -123.20311360 1
112  39.12621861 -123.20317925  39.12618082 -123.20318132 1
111  39.12534945 -123.20320931 1
112  39.12526124 -123.20332715  39.12526245 -123.20344219
111  39.12526124 -123.20332715 1
111  39.12526391 -123.20347723 1
116  39.12535413 -123.20356025  39.12543615 -123.20356492
120 Linear Feature 10
111  39.12565269 -123.20263138 20
115  39.12563369 -123.20276501
120 Linear Feature 9
111  39.12545222 -123.20258273 20
115  39.12542586 -123.20277471
120 Linear Feature 8
111  39.12524915 -123.20253437 20
115  39.12521885 -123.20275426
120 Linear Feature 1
111  39.12419608 -123.20154188 2
111  39.12446088 -123.20165155 2
111  39.12609486 -123.20208647 2
111  39.12790574 -123.20255708 2
115  39.13008793 -123.20314267
120 Linear Feature 5
111  39.12280455 -123.20027863 1
112  39.12275968 -123.20013952  39.12274486 -123.20009902 1
116  39.12270760 -123.20005273  39.12267708 -123.20002496
120 Linear Feature 4
112  39.12441342 -123.20152975  39.12431473 -123.20149288 1
112  39.12419251 -123.20141626  39.12405210 -123.20134427 1
112  39.12307938 -123.20082233  39.12300957 -123.20078133 1
112  39.12289787 -123.20056736  39.12283504 -123.20040938
111  39.12289787 -123.20056736 1
111  39.12280711 -123.20028740
112  39.12280711 -123.20028740  39.12279082 -123.20024340 1
116  39.12296148 -123.20010142  39.12312748 -123.20013642
120 Linear Feature 3
112  39.12807565 -123.20163539  39.12809436 -123.20146902 1
116  39.12792447 -123.20140978  39.12785717 -123.20139311
120 Linear Feature 25
112  39.12597123 -123.20209402  39.12597357 -123.20207415 1
116  39.12591015 -123.20193885  39.12583846 -123.20191898
120 Linear Feature 21
111  39.13031365 -123.20344301 20
111  39.13029254 -123.20357457 20
111  39.13013360 -123.20352920 20
115  39.13015471 -123.20339991
120 Linear Feature 25
111  39.12728169 -123.20255088 20
111  39.12726446 -123.20266454 20
111  39.12716919 -123.20281347 20
111  39.12630875 -123.20261359 20
115  39.12637564 -123.20218769
120 Linear Feature 24
111  39.13007608 -123.20329284 20
115  39.12983397 -123.20322751
120 Linear Feature 20
111  39.13099041 -123.20360727 20
111  39.13078209 -123.20354830 20
115  39.13071663 -123.20346573
120 Linear Feature 19
111  39.13095663 -123.20374064 20
115  39.13097915 -123.20360455
120 Linear Feature 18
111  39.13123041 -123.20381051 20
115  39.13047382 -123.20361453
120 Linear Feature 17
111  39.13126025 -123.20361195 20
115  39.13050927 -123.20340945
120 Linear Feature 16
111  39.13214262 -123.20381291 20
115  39.13160041 -123.20366920
120 Linear Feature 24
111  39.12758902 -123.20284386 20
115  39.12754006 -123.20285951
120 Linear Feature 23
111  39.12759529 -123.20288601 20
115  39.12758257 -123.20280058
120 Linear Feature 18
111  39.12621648 -123.20238879 20
115  39.12624352 -123.20220317
120 Linear Feature 17
111  39.12472604 -123.20210278 3
115  39.12471422 -123.20210013
120 Linear Feature 15
111  39.13332338 -123.20295985 1
115  39.13330881 -123.20304785
120 Linear Feature 14
111  39.13206291 -123.20231546 1
111  39.13195590 -123.20226353 1
115  39.13206902 -123.20227170
120 Linear Feature 13
111  39.13204152 -123.20244410 1
111  39.13193350 -123.20239116 1
115  39.13204797 -123.20240210
120 Linear Feature 12
111  39.13202082 -123.20257318 1
111  39.13191426 -123.20252004 1
115  39.13202761 -123.20253030
120 Linear Feature 11
111  39.13199978 -123.20270270 1
111  39.13189218 -123.20265281 1
115  39.13200690 -123.20266025
120 Linear Feature 10
111  39.13336290 -123.20270521 1
115  39.13337697 -123.20261531
120 Linear Feature 9
111  39.13309479 -123.20263451 1
115  39.13310952 -123.20254272
120 Linear Feature 8
111  39.13282634 -123.20256428 1
115  39.13284044 -123.20247325
120 Linear Feature 7
111  39.13255590 -123.20249340 1
115  39.13257057 -123.20240309
120 Linear Feature 6
111  39.13330380 -123.20398515 1 102
111  39.13350613 -123.20274270 1
111  39.13228725 -123.20242238 1
115  39.13230115 -123.20233244
120 Linear Feature 5
111  39.13224301 -123.20267542 1
115  39.13222943 -123.20276205
120 Linear Feature 4
111  39.13251556 -123.20274630 1
115  39.13250164 -123.20283206
120 Linear Feature 3
111  39.13278437 -123.20281631 1
115  39.13277045 -123.20290470
120 Linear Feature 2
111  39.13305407 -123.20288902 1
115  39.13303940 -123.20297673
120 Linear Feature 1
112  39.13327363 -123.20331733  39.13333240 -123.20305471 1
112  39.13310586 -123.20290173  39.13301127 -123.20287451 1
115  39.13224304 -123.20267480
120 Linear Feature 5
111  39.12018833 -123.20007272 4
115  39.11971758 -123.19994869
120 Linear Feature 4
111  39.12346979 -123.20093980 4
115  39.12341934 -123.20109251
120 Linear Feature 3
111  39.12806368 -123.20214319 4
115  39.12793351 -123.20211108
120 Linear Feature 2
111  39.13337102 -123.20354644 4
115  39.13317639 -123.20352001
21  39.13056311 -123.20157508 1 168.3700 3.00 15 VASI-3L
1300  39.12786597 -123.20285293 -201.76 tie_down heavy|jets|turboprops|props|helos Heavy Parking
1301 C general_aviation 
1300  39.12707058 -123.20254562 103.03 tie_down jets|turboprops|props|helos Fire Base
1301 C general_aviation 
1300  39.12473680 -123.20198131  80.17 tie_down jets|turboprops|props|helos|fighters Large FBO
1301 B general_aviation 
1300  39.12522167 -123.20272295 259.38 tie_down turboprops|props Behind Apron
1301 A none 
1300  39.13097856 -123.20360434  76.91 tie_down turboprops|props Fedex
1301 A general_aviation 
1300  39.12975426 -123.20344669 180.01 tie_down turboprops|props Apron 5
1301 A general_aviation 
1300  39.12918251 -123.20320100  -0.16 tie_down turboprops|props Apron 4
1301 A general_aviation 
1300  39.12575455 -123.20217805 258.80 tie_down turboprops|props Apron 3
1301 A general_aviation 
1300  39.12535985 -123.20201181  77.69 tie_down turboprops|props Apron 2
1301 A general_aviation 
1300  39.12507393 -123.20201281  77.69 tie_down turboprops|props Apron 1
1301 A general_aviation 
1300  39.12615093 -123.20387571   0.00 tie_down props Row Hangars
1301 A none 
18  39.12436188 -123.20197425 1 BCN
19  39.12823775 -123.20035328 1 New Windsock 1
19  39.12004245 -123.19887729 1 WS
50 11927 ASOS
54 12300 CTAF/UNICOM
1000 Runway 15 Noise Abatement
1001 KUKI 210 030 10
1002 KUK 0
1003 KUK 0.0
1101 15 left
1100 15  13300 arrivals|departures heavy|jets|turboprops|props|helos|fighters 000000 000000 Use 15
1000 Runway 33
1001 KUKI 210 030 999
1002 KUKI 0
1003 KUKI 0.0
1101 15 right
1100 33  13300 arrivals|departures heavy|jets|turboprops|props|helos|fighters 000000 010050 Use 33
1000 Runway 15 Flow
1002 KUKI 0
1003 KUKI 0.0
1101 15 left
1100 15  13300 arrivals|departures heavy|jets|turboprops|props|helos|fighters 000000 000000 Use 15
1200 
1201  39.12034826 -123.19937151 both 0 N_stop
1201  39.12226944 -123.19987929 both 1 N_stop
1201  39.12325620 -123.20014167 both 2 N_stop
1201  39.12318603 -123.20012422 both 3 unnamed entity(split)
1201  39.12309168 -123.20009652 both 4 unnamed entity(split)
1201  39.12247128 -123.19993322 both 5 unnamed entity(split)
1201  39.12244939 -123.19992632 both 6 unnamed entity(split)
1201  39.12825664 -123.20146749 both 7 N_stop
1201  39.12786615 -123.20136424 both 8 unnamed entity(split)
1201  39.12028498 -123.19935668 both 9 N_stop
1201  39.12023726 -123.19935680 both 10 N_stop
1201  39.12013652 -123.19944032 both 11 N_stop
1201  39.12258143 -123.19998220 both 12 N_stop
1201  39.12269853 -123.20004578 both 13 N_stop
1201  39.12274537 -123.20010423 both 14 N_stop
1201  39.12278872 -123.20022562 both 15 N_stop
1201  39.12296013 -123.20009652 both 16 N_stop
1201  39.12285748 -123.20011322 both 17 N_stop
1201  39.12281912 -123.20015947 both 18 N_stop
1201  39.12280168 -123.20021792 both 19 N_stop
1201  39.12801273 -123.20145042 both 20 N_stop
1201  39.12806173 -123.20151144 both 21 N_stop
1201  39.12807751 -123.20157461 both 22 N_stop
1201  39.12823779 -123.20148468 both 23 N_stop
1201  39.12815765 -123.20150449 both 24 N_stop
1201  39.12810325 -123.20155534 both 25 N_stop
1201  39.12807668 -123.20163188 both 26 N_stop
1201  39.12439775 -123.20152479 both 27 _stop
1201  39.12428634 -123.20146682 both 28 _stop
1201  39.12006944 -123.19955549 both 29 _stop
1201  39.12000895 -123.19985520 both 30 _stop
1201  39.11999399 -123.19994519 both 31 _stop
1201  39.11999399 -123.20003089 both 32 _start
1201  39.12280455 -123.20027907 both 33 _stop
1201  39.12293474 -123.20066067 both 34 _stop
1201  39.12300854 -123.20076351 both 35 _stop
1201  39.12308234 -123.20082265 both 36 _stop
1201  39.12345137 -123.20102577 both 37 _start
1201  39.12806933 -123.20168186 both 38 _stop
1201  39.12799657 -123.20214055 both 39 _start
1201  39.13189876 -123.20243339 both 40 _stop
1201  39.12831295 -123.20148201 both 41 unnamed entity(split)
1201  39.13293937 -123.20272588 both 42 _stop
1201  39.13328645 -123.20282617 both 43 _stop
1201  39.13335427 -123.20286474 both 44 _stop
1201  39.13338818 -123.20292903 both 45 _stop
1201  39.13339616 -123.20301389 both 46 _stop
1201  39.13331238 -123.20342532 both 47 _stop
1201  39.13325054 -123.20353847 both 48 _start
1201  39.12736331 -123.20232002 both 49 _stop
1201  39.12723251 -123.20233206 both 50 _stop
1201  39.12714585 -123.20235241 both 51 _stop
1201  39.12707111 -123.20240391 both 52 _stop
1201  39.12662443 -123.20212585 both 53 _stop
1201  39.12675803 -123.20216890 both 54 _stop
1201  39.12687627 -123.20223952 both 55 _stop
1201  39.12699051 -123.20235146 both 56 _stop
1201  39.12705020 -123.20245596 both 57 _stop
1201  39.12707134 -123.20254866 both 58 _start
1201  39.12463528 -123.20159715 both 59 _stop
1201  39.12469648 -123.20162015 both 60 _stop
1201  39.12472466 -123.20165116 both 61 _stop
1201  39.12473924 -123.20167973 both 62 _stop
1201  39.12475320 -123.20171053 both 63 _stop
1201  39.12475752 -123.20173298 both 64 _stop
1201  39.12494381 -123.20168541 both 65 _stop
1201  39.12488849 -123.20167301 both 66 _stop
1201  39.12484921 -123.20168231 both 67 _stop
1201  39.12480432 -123.20171227 both 68 _stop
1201  39.12477787 -123.20174844 both 69 _stop
1201  39.12476785 -123.20177527 both 70 _stop
1201  39.12473859 -123.20198197 both 71 _start
1201  39.12502893 -123.20170769 both 72 _stop
1201  39.12505712 -123.20173434 both 73 _stop
1201  39.12507323 -123.20175891 both 74 _stop
1201  39.12508799 -123.20177794 both 75 _stop
1201  39.12510115 -123.20182293 both 76 _stop
1201  39.12510088 -123.20186446 both 77 _stop
1201  39.12522169 -123.20175891 both 78 _stop
1201  39.12517256 -123.20177310 both 79 _stop
1201  39.12514222 -123.20180840 both 80 _stop
1201  39.12511430 -123.20184058 both 81 _stop
1201  39.12510168 -123.20187553 both 82 _stop
1201  39.12508346 -123.20197150 both 83 _start
1201  39.12545777 -123.20182076 both 84 _stop
1201  39.12548022 -123.20183239 both 85 _stop
1201  39.12549948 -123.20185713 both 86 _stop
1201  39.12550072 -123.20187925 both 87 _stop
1201  39.12548420 -123.20190485 both 88 _stop
1201  39.12562717 -123.20186506 both 89 _stop
1201  39.12558067 -123.20187442 both 90 _stop
1201  39.12554997 -123.20189322 both 91 _stop
1201  39.12552530 -123.20191004 both 92 _stop
1201  39.12538205 -123.20197338 both 93 _stop
1201  39.12544310 -123.20192890 both 94 unnamed entity(split)
1201  39.12536307 -123.20200874 both 95 _start
1201  39.12589335 -123.20193459 both 96 _stop
1201  39.12592846 -123.20194700 both 97 _stop
1201  39.12594850 -123.20196623 both 98 _stop
1201  39.12595938 -123.20198565 both 99 _stop
1201  39.12596575 -123.20200468 both 100 _stop
1201  39.12597119 -123.20203332 both 101 _stop
1201  39.12609834 -123.20198812 both 102 _stop
1201  39.12607461 -123.20198405 both 103 _stop
1201  39.12603054 -123.20199126 both 104 _stop
1201  39.12599765 -123.20201692 both 105 _stop
1201  39.12597662 -123.20206249 both 106 _stop
1201  39.12597167 -123.20208976 both 107 _stop
1201  39.12589020 -123.20272097 both 108 _stop
1201  39.12585391 -123.20275857 both 109 _stop
1201  39.12580249 -123.20278446 both 110 _stop
1201  39.12574181 -123.20279595 both 111 _stop
1201  39.12549019 -123.20280599 both 112 _stop
1201  39.12543842 -123.20281675 both 113 _stop
1201  39.12539834 -123.20285981 both 114 _stop
1201  39.12534545 -123.20289425 both 115 _stop
1201  39.12529925 -123.20290861 both 116 _stop
1201  39.12528032 -123.20290143 both 117 _stop
1201  39.12524358 -123.20286053 both 118 _stop
1201  39.12522020 -123.20280599 both 119 _stop
1201  39.12521853 -123.20273638 both 120 _start
1201  39.12590084 -123.20264261 both 121 _stop
1201  39.12596595 -123.20213533 both 122 unnamed entity(split)
1201  39.12589694 -123.20267756 both 123 unnamed entity(split)
1201  39.12590687 -123.20276101 both 124 _stop
1201  39.12593888 -123.20278194 both 125 _stop
1201  39.12606274 -123.20281543 both 126 _stop
1201  39.12619263 -123.20283158 both 127 _stop
1201  39.12624134 -123.20284951 both 128 _stop
1201  39.12628449 -123.20288958 both 129 _stop
1201  39.12630351 -123.20293084 both 130 _stop
1201  39.12630768 -123.20296672 both 131 _stop
1201  39.12633227 -123.20379196 both 132 _stop
1201  39.12632160 -123.20382784 both 133 _stop
1201  39.12629330 -123.20386014 both 134 _stop
1201  39.12626732 -123.20387329 both 135 _stop
1201  39.12615088 -123.20387688 both 136 _start
1201  39.12596125 -123.20215223 both 137 _stop
1201  39.12595197 -123.20216359 both 138 _stop
1201  39.12592785 -123.20222454 both 139 _stop
1201  39.12586203 -123.20235823 both 140 _stop
1201  39.12576550 -123.20238712 both 141 _stop
1201  39.12569655 -123.20237008 both 142 _stop
1201  39.12569093 -123.20224867 both 143 _stop
1201  39.12574688 -123.20220122 both 144 _start
1201  39.13082847 -123.20324727 both 145 _stop
1201  39.13093140 -123.20329563 both 146 _stop
1201  39.13099296 -123.20333035 both 147 _stop
1201  39.13101028 -123.20337499 both 148 _stop
1201  39.13119690 -123.20334647 both 149 _stop
1201  39.13112956 -123.20334647 both 150 _stop
1201  39.13106992 -123.20335267 both 151 _stop
1201  39.13102855 -123.20338739 both 152 _stop
1201  39.13100835 -123.20343452 both 153 _stop
1201  39.13098142 -123.20360937 both 154 _start
1201  39.12931989 -123.20308508 both 155 _stop
1201  39.12931792 -123.20312135 both 156 _stop
1201  39.12929718 -123.20317411 both 157 _stop
1201  39.12926527 -123.20319179 both 158 _stop
1201  39.12920174 -123.20320098 both 159 _start
1201  39.12954456 -123.20312480 both 160 _stop
1201  39.12960537 -123.20320040 both 161 _stop
1201  39.12963721 -123.20336008 both 162 _stop
1201  39.12967998 -123.20344192 both 163 _stop
1201  39.12973589 -123.20344786 both 164 _start
1201  39.12907050 -123.20277718 both 165 _stop
1201  39.12920036 -123.20284228 both 166 _stop
1201  39.12930698 -123.20293425 both 167 _stop
1201  39.12961481 -123.20291772 both 168 _stop
1201  39.12950899 -123.20291049 both 169 _stop
1201  39.12939115 -123.20294459 both 170 _stop
1201  39.12933664 -123.20303553 both 171 _stop
1201  39.12937090 -123.20307811 both 172 _start
1201  39.12815878 -123.20253424 both 173 _stop
1201  39.12799376 -123.20255424 both 174 _stop
1201  39.12789411 -123.20260232 both 175 _stop
1201  39.12783788 -123.20268556 both 176 _stop
1201  39.12782063 -123.20274800 both 177 _stop
1201  39.12782063 -123.20279679 both 178 _stop
1201  39.12783343 -123.20282334 both 179 _stop
1201  39.12738561 -123.20232595 both 180 _stop
1201  39.12749527 -123.20239043 both 181 _stop
1201  39.12762417 -123.20259751 both 182 _stop
1201  39.12771460 -123.20273888 both 183 _stop
1201  39.12785985 -123.20285420 both 184 _start
1201  39.13323862 -123.20356195 both 185 N_stop
1201  39.13319887 -123.20361770 both 186 N_stop
1201  39.13308522 -123.20371649 both 187 N_stop
1201  39.13299222 -123.20376200 both 188 N_stop
1201  39.13288632 -123.20377754 both 189 N_stop
1201  39.13281829 -123.20376755 both 190 N_stop
1201  39.12807877 -123.20249967 both 191 N_stop
1201  39.12803274 -123.20245897 both 192 N_stop
1201  39.12799547 -123.20239390 both 193 N_stop
1201  39.12797864 -123.20232219 both 194 N_stop
1201  39.12797576 -123.20225377 both 195 N_stop
1201  39.12795362 -123.20231309 both 196 N_stop
1201  39.12791451 -123.20236394 both 197 N_stop
1201  39.12786295 -123.20240543 both 198 N_stop
1201  39.12777962 -123.20243405 both 199 N_stop
1201  39.12433890 -123.20150662 both 200 _stop
1201  39.12309921 -123.20112568 both 201 _stop
1201  39.12056357 -123.20032753 both 202 _stop
1201  39.12019180 -123.20020877 both 203 _stop
1201  39.12009226 -123.20017763 both 204 _stop
1201  39.12006616 -123.20016517 both 205 _stop
1201  39.12004039 -123.20014690 both 206 _stop
1201  39.12001333 -123.20010787 both 207 _stop
1202 1 0 twoway runway 15/33
1204 departure 15,33
1204 arrival 15,33
1204 ils 15,33
1202 2 3 twoway runway 15/33
1204 departure 15,33
1204 arrival 15,33
1204 ils 15,33
1202 3 4 twoway runway 15/33
1204 departure 15,33
1204 arrival 15,33
1204 ils 15,33
1202 4 5 twoway runway 15/33
1204 departure 15,33
1204 arrival 15,33
1204 ils 15,33
1202 5 6 twoway runway 15/33
1204 departure 15,33
1204 arrival 15,33
1204 ils 15,33
1202 6 1 twoway runway 15/33
1204 departure 15,33
1204 arrival 15,33
1204 ils 15,33
1202 40 41 twoway runway 15/33
1204 departure 15,33
1204 arrival 15,33
1204 ils 15,33
1202 41 7 twoway runway 15/33
1204 departure 15,33
1204 arrival 15,33
1204 ils 15,33
1202 9 0 twoway taxiway_B N
1204 departure 15,33
1204 arrival 15,33
1202 10 9 twoway taxiway_B N
1204 departure 15,33
1204 arrival 15,33
1202 11 10 twoway taxiway_B N
1204 departure 15,33
1204 arrival 15,33
1202 29 11 twoway taxiway_B N
1204 departure 15,33
1204 arrival 15,33
1202 12 6 twoway taxiway_B N
1204 departure 15,33
1204 arrival 15,33
1202 13 12 twoway taxiway_B N
1204 departure 15,33
1204 arrival 15,33
1202 14 13 twoway taxiway_B N
1204 departure 15,33
1204 arrival 15,33
1202 15 14 twoway taxiway_B N
1204 departure 15,33
1204 arrival 15,33
1202 33 15 twoway taxiway_B N
1204 departure 15,33
1204 arrival 15,33
1202 16 4 twoway taxiway_B N
1204 departure 15,33
1204 arrival 15,33
1202 17 16 twoway taxiway_B N
1204 departure 15,33
1204 arrival 15,33
1202 18 17 twoway taxiway_B N
1204 departure 15,33
1204 arrival 15,33
1202 19 18 twoway taxiway_B N
1204 departure 15,33
1204 arrival 15,33
1202 33 19 twoway taxiway_B N
1204 departure 15,33
1204 arrival 15,33
1202 20 8 twoway taxiway_B N
1204 departure 15,33
1204 arrival 15,33
1202 21 20 twoway taxiway_B N
1204 departure 15,33
1204 arrival 15,33
1202 22 21 twoway taxiway_B N
1204 departure 15,33
1204 arrival 15,33
1202 26 22 twoway taxiway_B N
1204 departure 15,33
1204 arrival 15,33
1202 23 41 twoway taxiway_B N
1204 departure 15,33
1204 arrival 15,33
1202 24 23 twoway taxiway_B N
1204 departure 15,33
1204 arrival 15,33
1202 25 24 twoway taxiway_B N
1204 departure 15,33
1204 arrival 15,33
1202 26 25 twoway taxiway_B N
1204 departure 15,33
1204 arrival 15,33
1202 38 26 twoway taxiway_B N
1204 departure 15,33
1204 arrival 15,33
1202 28 27 twoway taxiway_B 
1202 37 28 twoway taxiway_B 
1202 30 29 twoway taxiway_B 
1204 departure 15,33
1204 arrival 15,33
1202 31 30 twoway taxiway_B 
1204 departure 33
1204 arrival 15
1202 32 31 twoway taxiway_B 
1204 departure 33
1204 arrival 15
1202 34 33 twoway taxiway_B 
1204 departure 15,33
1204 arrival 15,33
1202 35 34 twoway taxiway_B 
1204 departure 33
1204 arrival 15
1202 36 35 twoway taxiway_B 
1204 departure 33
1204 arrival 15
1202 37 36 twoway taxiway_B 
1204 departure 33
1204 arrival 15
1202 39 38 twoway taxiway_B 
1204 departure 15,33
1204 arrival 15,33
1202 42 40 twoway taxiway_B 
1204 departure 15,33
1204 arrival 15,33
1202 43 42 twoway taxiway_B 
1204 departure 15
1204 arrival 33
1202 44 43 twoway taxiway_B 
1204 departure 15
1204 arrival 33
1202 45 44 twoway taxiway_B 
1204 departure 15
1204 arrival 33
1202 46 45 twoway taxiway_B 
1204 departure 15
1204 arrival 33
1202 47 46 twoway taxiway_B 
1204 departure 15
1204 arrival 33
1202 48 47 twoway taxiway_B 
1204 departure 15
1204 arrival 33
1202 50 49 twoway taxiway_C 
1202 51 50 twoway taxiway_C 
1202 52 51 twoway taxiway_C 
1202 57 52 twoway taxiway_C 
1202 54 53 twoway taxiway_C 
1202 55 54 twoway taxiway_C 
1202 56 55 twoway taxiway_C 
1202 57 56 twoway taxiway_C 
1202 58 57 twoway taxiway_C 
1202 60 59 twoway taxiway_B 
1202 61 60 twoway taxiway_B 
1202 62 61 twoway taxiway_B 
1202 63 62 twoway taxiway_B 
1202 64 63 twoway taxiway_B 
1202 70 64 twoway taxiway_B 
1202 66 65 twoway taxiway_B 
1202 67 66 twoway taxiway_B 
1202 68 67 twoway taxiway_B 
1202 69 68 twoway taxiway_B 
1202 70 69 twoway taxiway_B 
1202 71 70 twoway taxiway_B 
1202 73 72 twoway taxiway_A 
1202 74 73 twoway taxiway_A 
1202 75 74 twoway taxiway_A 
1202 76 75 twoway taxiway_A 
1202 77 76 twoway taxiway_A 
1202 83 77 twoway taxiway_A 
1202 79 78 twoway taxiway_A 
1202 80 79 twoway taxiway_A 
1202 81 80 twoway taxiway_A 
1202 82 81 twoway taxiway_A 
1202 83 82 twoway taxiway_A 
1202 85 84 twoway taxiway_A 
1202 86 85 twoway taxiway_A 
1202 87 86 twoway taxiway_A 
1202 88 87 twoway taxiway_A 
1202 94 88 twoway taxiway_A 
1202 90 89 twoway taxiway_A 
1202 91 90 twoway taxiway_A 
1202 92 91 twoway taxiway_A 
1202 93 94 twoway taxiway_A 
1202 94 92 twoway taxiway_A 
1202 95 93 twoway taxiway_A 
1202 97 96 twoway taxiway_A 
1202 98 97 twoway taxiway_A 
1202 99 98 twoway taxiway_A 
1202 100 99 twoway taxiway_A 
1202 101 100 twoway taxiway_A 
1202 107 101 twoway taxiway_A 
1202 103 102 twoway taxiway_A 
1202 104 103 twoway taxiway_A 
1202 105 104 twoway taxiway_A 
1202 106 105 twoway taxiway_A 
1202 107 106 twoway taxiway_A 
1202 121 122 twoway taxiway_A 
1202 122 107 twoway taxiway_A 
1202 108 123 twoway taxiway_A 
1202 109 108 twoway taxiway_A 
1202 110 109 twoway taxiway_A 
1202 111 110 twoway taxiway_A 
1202 112 111 twoway taxiway_A 
1202 113 112 twoway taxiway_A 
1202 114 113 twoway taxiway_A 
1202 115 114 twoway taxiway_A 
1202 116 115 twoway taxiway_A 
1202 117 116 twoway taxiway_A 
1202 118 117 twoway taxiway_A 
1202 119 118 twoway taxiway_A 
1202 120 119 twoway taxiway_A 
1202 108 123 twoway taxiway_A 
1202 123 121 twoway taxiway_A 
1202 124 108 twoway taxiway_A 
1202 125 124 twoway taxiway_A 
1202 126 125 twoway taxiway_A 
1202 127 126 twoway taxiway_A 
1202 128 127 twoway taxiway_A 
1202 129 128 twoway taxiway_A 
1202 130 129 twoway taxiway_A 
1202 131 130 twoway taxiway_A 
1202 132 131 twoway taxiway_A 
1202 133 132 twoway taxiway_A 
1202 134 133 twoway taxiway_A 
1202 135 134 twoway taxiway_A 
1202 136 135 twoway taxiway_A 
1202 137 122 twoway taxiway_A 
1202 138 137 twoway taxiway_A 
1202 139 138 twoway taxiway_A 
1202 140 139 twoway taxiway_A 
1202 141 140 twoway taxiway_A 
1202 142 141 twoway taxiway_A 
1202 143 142 twoway taxiway_A 
1202 144 143 twoway taxiway_A 
1202 146 145 twoway taxiway_B 
1202 147 146 twoway taxiway_B 
1202 148 147 twoway taxiway_B 
1202 153 148 twoway taxiway_B 
1202 150 149 twoway taxiway_B 
1202 151 150 twoway taxiway_B 
1202 152 151 twoway taxiway_B 
1202 153 152 twoway taxiway_B 
1202 154 153 twoway taxiway_B 
1202 155 171 twoway taxiway_C 
1202 156 155 twoway taxiway_C 
1202 157 156 twoway taxiway_C 
1202 158 157 twoway taxiway_C 
1202 159 158 twoway taxiway_C 
1202 160 172 twoway taxiway_C 
1202 161 160 twoway taxiway_C 
1202 162 161 twoway taxiway_C 
1202 163 162 twoway taxiway_C 
1202 164 163 twoway taxiway_C 
1202 166 165 twoway taxiway_C 
1202 167 166 twoway taxiway_C 
1202 171 167 twoway taxiway_C 
1202 169 168 twoway taxiway_C 
1202 170 169 twoway taxiway_C 
1202 171 170 twoway taxiway_C 
1202 172 171 twoway taxiway_C 
1202 174 173 twoway taxiway_C 
1202 175 174 twoway taxiway_C 
1202 176 175 twoway taxiway_C 
1202 177 176 twoway taxiway_C 
1202 178 177 twoway taxiway_C 
1202 179 178 twoway taxiway_C 
1202 184 179 twoway taxiway_C 
1202 181 180 twoway taxiway_C 
1202 182 181 twoway taxiway_C 
1202 183 182 twoway taxiway_C 
1202 184 183 twoway taxiway_C 
1202 185 48 twoway taxiway_B N
1202 186 185 twoway taxiway_B N
1202 187 186 twoway taxiway_B N
1202 188 187 twoway taxiway_B N
1202 189 188 twoway taxiway_B N
1202 190 189 twoway taxiway_B N
1202 149 190 twoway taxiway_B N
1202 145 149 twoway taxiway_B N
1202 168 145 twoway taxiway_B N
1202 165 168 twoway taxiway_B N
1202 173 165 twoway taxiway_B N
1202 173 199 twoway taxiway_B N
1202 191 173 twoway taxiway_B N
1202 192 191 twoway taxiway_B N
1202 193 192 twoway taxiway_B N
1202 194 193 twoway taxiway_B N
1202 195 194 twoway taxiway_B N
1202 195 39 twoway taxiway_B N
1202 196 195 twoway taxiway_B N
1202 197 196 twoway taxiway_B N
1202 198 197 twoway taxiway_B N
1202 199 198 twoway taxiway_B N
1202 180 199 twoway taxiway_B N
1202 49 180 twoway taxiway_B N
1202 53 49 twoway taxiway_B N
1202 102 53 twoway taxiway_B N
1202 96 102 twoway taxiway_B N
1202 89 96 twoway taxiway_B N
1202 84 89 twoway taxiway_B N
1202 78 84 twoway taxiway_B N
1202 72 78 twoway taxiway_B N
1202 65 72 twoway taxiway_B N
1202 59 65 twoway taxiway_B N
1202 27 59 twoway taxiway_B 
1202 200 27 twoway taxiway_B 
1202 201 200 twoway taxiway_B 
1202 202 201 twoway taxiway_B 
1202 203 202 twoway taxiway_B 
1202 204 203 twoway taxiway_B 
1202 205 204 twoway taxiway_B 
1202 206 205 twoway taxiway_B 
1202 207 206 twoway taxiway_B 
1202 32 207 twoway taxiway_B 
1202 7 8 twoway runway 15/33
1204 departure 15,33
1204 arrival 15,33
1204 ils 15,33
1202 8 2 twoway runway 15/33
1204 departure 15,33
1204 arrival 15,33
1204 ils 15,33
99
