A
1100 Generated by WorldEditor 1.6.0r1

16   1319 0 0 CN20 [S] Ferndale Resort Seaplane Base (PVT)
1302 city Kelseyville
1302 country United States
1302 datum_lat 
1302 datum_lon 
1302 faa_code CN20
1302 iata_code 
1302 icao_code CN20
1302 region_code 
1302 state California
1302 transition_alt 
1302 transition_level 
1302 flatten 1
101 1218.90 0 17  39.05150029 -122.79375244 35  39.01035655 -122.79338874
110 1 0.00 350.0000 New Taxiway 2
111  39.00304343 -122.79097680
111  39.00294726 -122.79095130
111  39.00240113 -122.79083421
111  39.00236704 -122.79086541
112  39.00181458 -122.79107052  39.00180498 -122.79107764
111  39.00179362 -122.79109322
111  39.00178972 -122.79095626
112  39.00180193 -122.79098726  39.00181241 -122.79099924
112  39.00189384 -122.79095488  39.00190344 -122.79094477
112  39.00189073 -122.79089061  39.00188652 -122.79087653
111  39.00186314 -122.79070218
111  39.00188739 -122.79031170
111  39.00200734 -122.79031228
112  39.00205532 -122.79018696  39.00206387 -122.79018243
112  39.00231949 -122.79029904  39.00233507 -122.79033074
112  39.00235150 -122.79047165  39.00235603 -122.79049752
112  39.00240744 -122.79062341  39.00242855 -122.79064152
111  39.00295899 -122.79073460
113  39.00306607 -122.79074906
130 Airport Boundary 1
111  39.00330036 -122.79065887
111  39.00324213 -122.79117672
111  39.00166634 -122.79094013
113  39.00173535 -122.79015388
1300  39.00216800 -122.79057201 -64.36 tie_down jets|turboprops|props|helos Land Start
1301 B none 
99
